 format  1  0
dim                 
                   3
crystal_system      
             'cubic'
N_cell_param        
                   1
cell_param          
    3.6753630037E+00
group_name          
          'I a -3 d'
N_monomer           
                   2
N_star              
                  88
  1.400000000000E+01  6.000000000000E+00       0   0   0     1
  7.056171450193E+00 -4.744555456514E+00       2   1   1    24
  2.241327184341E+00 -1.453078068172E+00       2   2   0    12
 -2.313303430172E-01 -3.654390619236E-01       3   2   1    48
  6.709350270969E-02 -6.197012216535E-01       4   0   0     6
  2.748841413056E-01 -1.206592054668E+00       4   2   0    24
  1.925580283740E-01  1.422676755245E+00       3   3   2    24
 -2.384779489119E-02  8.039719853750E-01       4   2   2    24
  8.344304512546E-02  6.502205248639E-01       4   3   1    48
  3.101257452328E-01 -2.305549506156E-01       5   2   1    48
  3.579067962205E-01 -1.389145507199E-01       4   4   0    12
  5.976236330341E-01 -2.052891704930E-02       6   1   1    24
  4.156673202428E-01 -7.994686693392E-02       5   3   2    48
  8.122411770432E-02 -2.758488332680E-02       6   2   0    24
  5.130502201493E-01 -7.824837562494E-03       5   4   1    48
  5.854104920921E-01  1.958478604403E-01       6   3   1    48
 -4.399930430910E-01  7.731963034938E-02       4   4   4     8
 -7.317912644555E-01  1.687793086946E-02       5   4   3    48
  2.462998218596E-01  1.146841478045E-01       6   4   0    24
 -6.773930003814E-02 -9.132893670198E-02       7   2   1    48
 -1.128947617041E-01  6.013159657901E-02       6   3   3    24
 -1.903365941367E-01  5.472666795276E-02       5   5   2    24
 -1.227510981618E-01  1.779231865325E-02       6   4   2    48
  1.501933432209E-01  3.015537472461E-01       7   3   2    48
  8.245840901111E-02  2.244437866613E-01       6   5   1    48
  1.337886971424E-02 -1.558866451160E-01       8   0   0     6
  2.257237838540E-02 -4.585237449186E-02       7   4   1    48
  5.037475416749E-02 -2.807804962149E-01       8   2   0    24
  6.663178749752E-02  1.821206133889E-01       6   5   3    48
 -4.238480175469E-02  2.151077704285E-01       8   2   2    24
  5.061636931210E-02  2.007207587825E-01       6   6   0    12
  2.512523482570E-02  6.041440821753E-02       8   3   1    48
  5.765089974967E-02  1.969654757980E-01       7   4   3    48
  3.077214069720E-02  2.920643734825E-01       7   5   2    48
  1.208720031105E-01 -1.156228117947E-01       8   4   0    24
 -7.164885947687E-02  1.272348731613E-01       8   4   2    48
  3.429761772644E-02  1.141936682976E-02       9   2   1    48
 -2.134737441647E-03  8.631432503596E-02       7   6   1    48
 -1.798425236033E-01 -3.493057713882E-01       6   5   5    24
 -9.798632660022E-02 -2.440599615680E-01       6   6   4    24
 -3.353709049204E-02  6.842057139498E-02       8   5   1    48
 -8.462700899728E-02 -2.280981992391E-01       7   5   4    48
  8.599869421652E-02  6.075116790069E-02       9   3   2    48
 -5.031997034977E-02 -7.086864702798E-02       7   6   3    48
 -6.932597597364E-02 -3.565813721919E-02       8   4   4    24
  7.438975208255E-02  3.238064798719E-02       9   4   1    48
 -4.884670507550E-02 -1.668023221446E-02       8   5   3    48
  1.110803018088E-01  4.974753759005E-02       8   6   0    24
 -1.188599133514E-01 -4.410592916155E-02       7   7   2    24
  8.931441986002E-03  3.976943874843E-03      10   2   0    12
 -6.256214796884E-02 -1.972156824733E-02       8   6   2    48
 -1.345643605663E-01 -9.103810876624E-02       9   4   3    48
  8.830776277557E-03  7.911935664361E-02       9   5   2    48
 -3.603409884295E-02 -2.656832055417E-02       7   6   5    48
 -1.010965619283E-01 -8.251931209286E-02       8   7   1    48
  5.195025337512E-02  3.279658343434E-02      10   4   0    12
 -1.460534736317E-01 -7.086469018360E-02       8   6   4    48
  6.946038775322E-02  6.855662168306E-02       9   6   1    48
 -2.986550763141E-02 -2.216149470998E-02      10   4   2    24
 -6.966409479418E-02 -1.005602783961E-01       9   5   4    48
 -8.778379289998E-02 -7.803964093130E-02       8   7   3    48
 -1.152285954676E-01 -1.139103795441E-01       9   6   3    48
 -2.138395075230E-02 -1.077927466045E-02       8   8   0    12
 -7.592017603402E-02 -2.788327590410E-02       9   7   2    48
  1.609035802347E-01  6.017632305525E-02       7   7   6    24
  4.237894959895E-02  7.934338508577E-02      10   6   0    12
  1.258046632886E-01  6.514077643519E-02       8   6   6    24
  8.389340870535E-02  3.559433393873E-02       8   7   5    48
 -4.130392122562E-02 -3.832731095715E-02      10   6   2    24
  1.738331451924E-02  4.976996417941E-03       9   6   5    48
 -8.398543807777E-03 -3.475804067590E-02       8   8   4    24
  2.155019491522E-03  7.717744040400E-03       9   8   1    48
  3.239022202311E-02 -1.752809582812E-02       9   7   4    48
 -9.463134068718E-03 -3.915819930579E-02      10   6   4    24
 -1.670514658169E-02 -2.975115457544E-02       9   8   3    48
 -1.122293154280E-02  3.988905852184E-02      10   8   0    12
 -3.217415566305E-02 -6.079043798626E-02       9   9   2    24
  1.102495300604E-02 -1.467257685899E-02       9   7   6    48
  1.273906850896E-03 -1.358629825874E-02      10   8   2    24
 -4.098036865656E-03 -7.413884409712E-03       9   8   5    48
  4.539664211602E-03 -4.344268735629E-02      10   8   4    24
  1.696752547714E-02  4.416443206307E-02       8   8   8     8
  2.737435484775E-02  6.707204121386E-02       9   8   7    48
  6.458614661339E-02  6.597347401597E-02       9   9   6    24
 -2.869838785227E-02 -2.481746655490E-02      10  10   0     3
  1.803889662893E-02  4.207406946210E-02      10   8   6    24
  5.236928940753E-02  3.585585758762E-02      10  10   4     6
 -5.421714425474E-02 -4.816312678201E-02      10  10   8     6
