 format  1  0
dim                 
                   3
crystal_system      
             'cubic'
N_cell_param        
                   1
cell_param          
    3.6753630037E+00
group_name          
          'I a -3 d'
N_monomer           
                   2
N_star              
                  88
  3.000000000000E-01  7.000000000000E-01       0   0   0     1
 -2.950181726625E-01  2.950181726511E-01       2   1   1    24
 -9.236013131561E-02  9.236013130820E-02       2   2   0    12
 -3.352717985803E-03  3.352717980317E-03       3   2   1    48
 -1.716986809486E-02  1.716986810118E-02       4   0   0     6
 -3.703690488932E-02  3.703690488073E-02       4   2   0    24
  3.075296817879E-02 -3.075296819534E-02       3   3   2    24
  2.069549450552E-02 -2.069549451631E-02       4   2   2    24
  1.416943700149E-02 -1.416943702223E-02       4   3   1    48
 -1.351701740778E-02  1.351701740503E-02       5   2   1    48
 -1.242053367183E-02  1.242053366704E-02       4   4   0    12
 -1.545381375124E-02  1.545381375587E-02       6   1   1    24
 -1.239035467116E-02  1.239035466923E-02       5   3   2    48
 -2.720225032609E-03  2.720225030951E-03       6   2   0    24
 -1.302187643675E-02  1.302187643310E-02       5   4   1    48
 -9.739065780340E-03  9.739065778646E-03       6   3   1    48
  1.293281682758E-02 -1.293281682726E-02       4   4   4     8
  1.871672987961E-02 -1.871672987953E-02       5   4   3    48
 -3.290391849157E-03  3.290391842937E-03       6   4   0    24
 -5.897409108977E-04  5.897409122979E-04       7   2   1    48
  4.325658953303E-03 -4.325658958959E-03       6   3   3    24
  6.126581553492E-03 -6.126581557143E-03       5   5   2    24
  3.513585426683E-03 -3.513585430391E-03       6   4   2    48
  3.784010094533E-03 -3.784010106181E-03       7   3   2    48
  3.549634443292E-03 -3.549634448861E-03       6   5   1    48
 -4.231637861375E-03  4.231637869578E-03       8   0   0     6
 -1.710618818432E-03  1.710618819661E-03       7   4   1    48
 -8.278881247116E-03  8.278881262148E-03       8   2   0    24
  2.887220643338E-03 -2.887220651004E-03       6   5   3    48
  6.437314294954E-03 -6.437314308187E-03       8   2   2    24
  3.752609733601E-03 -3.752609742902E-03       6   6   0    12
  8.822293346451E-04 -8.822293373084E-04       8   3   1    48
  3.482864393979E-03 -3.482864401124E-03       7   4   3    48
  6.532305814462E-03 -6.532305828142E-03       7   5   2    48
 -5.912370369912E-03  5.912370381727E-03       8   4   0    24
  4.972093311032E-03 -4.972093322196E-03       8   4   2    48
 -5.719562744754E-04  5.719562740888E-04       9   2   1    48
  2.211226565217E-03 -2.211226571887E-03       7   6   1    48
 -4.236581193884E-03  4.236581207650E-03       6   5   5    24
 -3.651840874655E-03  3.651840886361E-03       6   6   4    24
  2.548941548703E-03 -2.548941553644E-03       8   5   1    48
 -3.586779752261E-03  3.586779763944E-03       7   5   4    48
 -6.311881626080E-04  6.311881615284E-04       9   3   2    48
 -5.137169224166E-04  5.137169244718E-04       7   6   3    48
  8.416959719179E-04 -8.416959721611E-04       8   4   4    24
 -1.050227604957E-03  1.050227605924E-03       9   4   1    48
  8.041618236015E-04 -8.041618258366E-04       8   5   3    48
 -1.533319103671E-03  1.533319106968E-03       8   6   0    24
  1.868849601928E-03 -1.868849605161E-03       7   7   2    24
 -1.238624530502E-04  1.238624525411E-04      10   2   0    12
  1.071014493356E-03 -1.071014496414E-03       8   6   2    48
  1.088156300081E-03 -1.088156299201E-03       9   4   3    48
  1.757214509487E-03 -1.757214516920E-03       9   5   2    48
  2.366444570543E-04 -2.366444565398E-04       7   6   5    48
  4.644312444891E-04 -4.644312426460E-04       8   7   1    48
 -4.788417510567E-04  4.788417511100E-04      10   4   0    12
  1.879719584167E-03 -1.879719586424E-03       8   6   4    48
 -2.259415252982E-05  2.259415063059E-05       9   6   1    48
  1.926003240524E-04 -1.926003238617E-04      10   4   2    24
 -7.724045875705E-04  7.724045921898E-04       9   5   4    48
  2.436037989092E-04 -2.436037970415E-04       8   7   3    48
  3.295539930716E-05 -3.295539659943E-05       9   6   3    48
  2.651169009713E-04 -2.651169017502E-04       8   8   0    12
  1.200922501574E-03 -1.200922504965E-03       9   7   2    48
 -2.518181425909E-03  2.518181433174E-03       7   7   6    24
  9.241108865065E-04 -9.241108905007E-04      10   6   0    12
 -1.516597171252E-03  1.516597175225E-03       8   6   6    24
 -1.207476867452E-03  1.207476870973E-03       8   7   5    48
  7.441525775517E-05 -7.441525767140E-05      10   6   2    24
 -3.101579538103E-04  3.101579554939E-04       9   6   5    48
 -6.589874200755E-04  6.589874237679E-04       8   8   4    24
  1.390681121822E-04 -1.390681118168E-04       9   8   1    48
 -1.247957946069E-03  1.247957951455E-03       9   7   4    48
 -7.423766315343E-04  7.423766352734E-04      10   6   4    24
 -3.261501977843E-04  3.261501991483E-04       9   8   3    48
  1.277799750821E-03 -1.277799756304E-03      10   8   0    12
 -7.154070574933E-04  7.154070616902E-04       9   9   2    24
 -6.424382462045E-04  6.424382493592E-04       9   7   6    48
 -3.715051271662E-04  3.715051286121E-04      10   8   2    24
 -8.289618758626E-05  8.289618744467E-05       9   8   5    48
 -1.199558788870E-03  1.199558793854E-03      10   8   4    24
  6.799226636551E-04 -6.799226675404E-04       8   8   8     8
  9.924421565543E-04 -9.924421607009E-04       9   8   7    48
  3.468318453642E-05 -3.468318526818E-05       9   9   6    24
  9.702303238054E-05 -9.702303224970E-05      10  10   0     3
  6.008793197384E-04 -6.008793222718E-04      10   8   6    24
 -4.128357954728E-04  4.128357965195E-04      10  10   4     6
  1.513504375898E-04 -1.513504384311E-04      10  10   8     6
