   0.00000   2.90151   1.77035
   1.00000   3.00343   1.79584
   2.00000   3.09950   1.81984
   3.00000   3.19046   1.84250
   4.00000   3.27692   1.86397
   5.00000   3.35939   1.88437
   6.00000   3.43830   1.90379
   7.00000   3.51402   1.92234
   8.00000   3.58683   1.94009
   9.00000   3.65702   1.95710
  10.00000   3.72480   1.97345
  11.00000   3.79037   1.98917
  12.00000   3.85390   2.00433
  13.00000   3.91555   2.01897
  14.00000   3.97544   2.03312
  15.00000   4.03369   2.04682
  16.00000   4.09041   2.06010
  17.00000   4.14569   2.07300
  18.00000   4.19961   2.08553
  19.00000   4.25226   2.09773
  20.00000   4.30369   2.10961
  21.00000   4.35398   2.12119
  22.00000   4.40318   2.13250
  23.00000   4.45134   2.14356
  24.00000   4.49851   2.15437
  25.00000   4.54474   2.16495
  26.00000   4.59006   2.17532
  27.00000   4.63452   2.18549
  28.00000   4.67814   2.19548
  29.00000   4.72097   2.20528
  30.00000   4.76302   2.21492
  31.00000   4.80434   2.22440
  32.00000   4.84494   2.23374
  33.00000   4.88485   2.24293
  34.00000   4.92410   2.25199
  35.00000   4.96270   2.26093
  36.00000   5.00067   2.26975
  37.00000   5.03804   2.27845
  38.00000   5.07482   2.28705
  39.00000   5.11103   2.29554
  40.00000   5.14668   2.30394
