    0    0        0.00000    1
    1    0       16.66894    6
    2   -1       50.00681    6
    2    0       66.67575    6
    3   -1      116.68257   12
    3    0      150.02044    6
    4   -2      200.02725    6
    4   -1      216.69619   12
    4    0      266.70301    6
    5   -2      316.70982   12
    5   -1      350.04770   12
    5    0      416.72345    6
    6   -3      450.06132    6
    6   -2      466.73026   12
    6   -1      516.73707   12
    6    0      600.08176    6
    7   -3      616.75070   12
    7   -2      650.08858   12
    7   -1      716.76433   12
    8   -4      800.10902    6
    8   -3      816.77796   12
    7    0      816.77796    6
    8   -2      866.78477   12
    8   -1      950.12946   12
    9   -4     1016.80521   12
    9   -3     1050.14309   12
    8    0     1066.81202    6
    9   -2     1116.81884   12
    9   -1     1216.83246   12
   10   -5     1250.17034    6
   10   -4     1266.83928   12
   10   -3     1316.84609   12
    9    0     1350.18397    6
   10   -2     1400.19078   12
   11   -5     1516.87335   12
   10   -1     1516.87335   12
   11   -4     1550.21122   12
   11   -3     1616.88697   12
   10    0     1666.89379    6
   11   -2     1716.90060   12
   12   -6     1800.24529    6
   12   -5     1816.91423   12
   11   -1     1850.25210   12
   12   -4     1866.92104   12
   12   -3     1950.26573   12
   11    0     2016.94148    6
   12   -2     2066.94829   12
   13   -6     2116.95511   12
   13   -5     2150.29298   12
   13   -4     2216.96874   12
   12   -1     2216.96874   12
   13   -3     2316.98236   12
   12    0     2400.32705    3
   14   -7     2450.33387    6
   13   -2     2450.33387    6
   14   -6     2467.00280   12
   14   -5     2517.00962   12
   14   -4     2600.35431    6
   15   -7     2817.05050   12
   15   -6     2850.38837    6
   16   -8     3200.43607    2
