0.5   2.4972323892
0.49000000022   2.4919903894
0.48000000022   2.4856146552
0.47000000022   2.4781297952
0.46000000022   2.4695461642
0.45000000022   2.4598601632
0.44000000022   2.4490542902
0.43000000022   2.437096759
0.42000000022   2.4239408024
0.41000000022   2.4095235252
0.40000000022   2.3937643102
0.39000000022   2.3765626637
0.38000000022   2.357795371
0.37000000022   2.3373128064
0.36000000022   2.3149340672
0.35000000022   2.2904405688
0.34000000022   2.2635672947
0.33000000022   2.2339905135
0.32000000022   2.2013093242
0.31000000022   2.1650154032
0.30000000022   2.1244351558
0.29000000022   2.0785855305
0.28000000022   2.0254285753