0.5   2.4293254254
0.49000000022   2.4289684127
0.48000000022   2.4278912978
0.47000000022   2.4260756426
0.46000000022   2.4234900622
0.45000000022   2.4200892005
0.44000000022   2.4158122024
0.43000000022   2.4105806407
0.42000000022   2.4042956774
0.41000000022   2.3968344006
0.40000000022   2.388044898
0.39000000022   2.3777398784
0.38000000022   2.3656880164
0.37000000022   2.3516023984
0.36000000022   2.3351243592
0.35000000022   2.3158007103
0.34000000022   2.2930499904
0.33000000022   2.2661106873
0.32000000022   2.2339565276
0.31000000022   2.1951481866
0.30000000022   2.1475504379