dim                 
              3
crystal_system      
        'cubic'
N_cell_param        
              1
cell_param          
  1.9232020E+00
group_name          
     'I m -3 m'
N_monomer           
              2
N_star              
             95
  1.500000000000E+01  5.000000000000E+00       0   0   0     1
 -5.685398787815E+00  3.748680551427E+00       1   1   0    12
 -7.518047510625E-01  1.209552890719E+00       2   0   0     6
  7.130994669444E-01  8.868625228151E-01       2   1   1    24
  7.091182497515E-01  5.692780207902E-02       2   2   0    12
  7.589561687253E-01 -2.434648798069E-01       3   1   0    24
  2.194654910158E-01 -2.572326710215E-01       2   2   2     8
  7.452366514131E-02 -6.491186705152E-01       3   2   1    48
 -6.671292752426E-02 -1.886791528807E-01       4   0   0     6
 -2.311529830357E-01 -2.983796789249E-01       4   1   1    24
 -1.718594822127E-01 -2.170497700707E-01       3   3   0    12
 -2.542156293387E-01 -2.028956505028E-01       4   2   0    24
 -2.351425176598E-01 -1.133224144350E-01       3   3   2    24
 -1.790989894441E-01 -3.495775495663E-02       4   2   2    24
 -1.131937990671E-01  1.983645931061E-02       5   1   0    24
 -1.689432615192E-01  3.204881823850E-02       4   3   1    48
 -2.156802841297E-02  1.132691517530E-01       5   2   1    48
  1.468266635099E-02  6.510983992721E-02       4   4   0    12
  4.432487338291E-02  8.874232817499E-02       5   3   0    24
  4.608110750188E-02  9.188963805995E-02       4   3   3    24
  2.725528826028E-02  3.779628033545E-02       6   0   0     6
  5.989721677896E-02  8.296165203972E-02       4   4   2    24
  6.020835646870E-02  6.478230312538E-02       6   1   1    24
  9.076821626288E-02  9.779302605444E-02       5   3   2    48
  5.957888739977E-02  5.156789628710E-02       6   2   0    24
  8.041209907129E-02  5.575490544200E-02       5   4   1    48
  4.621000388120E-02  2.413809665700E-02       6   2   2    24
  5.137915283083E-02  1.672142052270E-02       6   3   1    48
  1.571338887568E-02  8.550702201519E-04       4   4   4     8
  1.487267649835E-02 -6.840499427008E-03       7   1   0    24
  1.166067078983E-02 -5.035113869557E-03       5   5   0    12
  2.360969684703E-02 -1.022327170622E-02       5   4   3    48
  7.194982097922E-03 -1.337368305280E-02       6   4   0    24
 -7.773924881762E-04 -2.392421783776E-02       7   2   1    48
 -3.614380845113E-04 -1.776888207347E-02       6   3   3    24
 -3.326870633371E-04 -1.799870056620E-02       5   5   2    24
 -9.122725385326E-03 -2.868027308948E-02       6   4   2    48
 -1.064203377608E-02 -2.036558121854E-02       7   3   0    24
 -2.163592733746E-02 -2.690689796239E-02       7   3   2    48
 -2.225125089522E-02 -2.778494320136E-02       6   5   1    48
 -7.454475405561E-03 -7.973044238772E-03       8   0   0     6
 -1.466667522055E-02 -1.382750892482E-02       8   1   1    24
 -2.208078964356E-02 -2.099128744273E-02       7   4   1    48
 -1.631500046771E-02 -1.557832095066E-02       5   5   4    24
 -1.376962249334E-02 -1.145090236637E-02       8   2   0    24
 -1.511359101547E-02 -1.272710238476E-02       6   4   4    24
 -1.908748244895E-02 -1.402063626051E-02       6   5   3    48
 -1.067305841936E-02 -6.522541049363E-03       8   2   2    24
 -8.093469756423E-03 -5.024019730100E-03       6   6   0    12
 -1.239931901611E-02 -5.942920105206E-03       8   3   1    48
 -9.244397888793E-03 -4.513701855307E-03       7   5   0    24
 -1.311340494684E-02 -6.399508154138E-03       7   4   3    48
 -7.286140521772E-03 -2.340017011498E-03       6   6   2    24
 -7.238935278857E-03 -4.487656793888E-04       7   5   2    48
 -3.029721866380E-03  1.347184988972E-03       8   4   0    24
 -1.157846110625E-03  2.563579210393E-03       9   1   0    24
 -1.379402400596E-03  2.627544620575E-03       8   3   3    24
  1.250701990638E-04  5.111451588544E-03       8   4   2    48
  1.904878331176E-03  5.853468836577E-03       9   2   1    48
  1.808831461371E-03  6.171547866904E-03       7   6   1    48
  1.306356854040E-03  4.484754323814E-03       6   5   5    24
  2.323272026399E-03  4.921985226754E-03       6   6   4    24
  2.962418308030E-03  4.731170717376E-03       9   3   0    24
  4.313163125673E-03  7.002236933270E-03       8   5   1    48
  4.372226073002E-03  7.215385419930E-03       7   5   4    48
  5.271234676931E-03  6.456411626651E-03       9   3   2    48
  5.607667938584E-03  6.974397987454E-03       7   6   3    48
  4.047843056718E-03  4.541625474686E-03       8   4   4    24
  5.534349934326E-03  5.599704311800E-03       9   4   1    48
  5.800480509849E-03  5.936091999515E-03       8   5   3    48
  2.901998764549E-03  2.960173328227E-03       7   7   0    12
  1.722017440484E-03  1.591606206755E-03      10   0   0     6
  3.911922676422E-03  3.652210604295E-03       8   6   0    24
  3.371974170968E-03  2.851172221749E-03      10   1   1    24
  3.700103009999E-03  3.191045929926E-03       7   7   2    24
  3.138768858671E-03  2.411708371133E-03      10   2   0    24
  4.821645450017E-03  3.780115007631E-03       8   6   2    48
  2.950403294342E-03  2.058520583777E-03       9   5   0    24
  4.071764518578E-03  2.839463814017E-03       9   4   3    48
  2.413153845078E-03  1.442790616558E-03      10   2   2    24
  1.571889729217E-03  9.599911193222E-04       6   6   6     8
  2.857381664213E-03  1.388999591602E-03      10   3   1    48
  3.080242433302E-03  1.569830694423E-03       9   5   2    48
  3.100215428820E-03  1.536490666775E-03       7   6   5    48
  1.945536858665E-03  3.510037871162E-04       8   7   1    48
  1.219867549002E-03  1.218694796047E-04       8   5   5    24
  1.228010328608E-03  1.272218092060E-04       7   7   4    24
  9.189168242229E-04 -1.206991276697E-04      10   4   0    24
  1.220900546697E-03 -2.827606395114E-04       8   6   4    48
  4.262547968858E-04 -5.500069868066E-04      10   3   3    24
  8.848437902374E-04 -5.807823570961E-04       9   6   1    48
  2.616858300802E-04 -1.040735974079E-03      10   4   2    48
 -1.181742808149E-04 -8.787749646283E-04      11   1   0    24
 -1.380060723319E-04 -1.348904726389E-03       9   5   4    48
 -1.356522792617E-04 -1.367972260398E-03       8   7   3    48
