dim                 
              3
crystal_system      
        'cubic'
N_cell_param        
              1
cell_param          
  1.9232020E+00
group_name          
     'I m -3 m'
N_monomer           
              2
N_star              
             95
  2.500000000000E-01  7.500000000000E-01       0   0   0     1
  2.358519831755E-01 -2.358519833541E-01       1   1   0    12
  4.903394082223E-02 -4.903394149699E-02       2   0   0     6
  4.344075915530E-03 -4.344076709176E-03       2   1   1    24
 -1.630476147661E-02  1.630476122197E-02       2   2   0    12
 -2.506052648991E-02  2.506052640419E-02       3   1   0    24
 -1.191745415722E-02  1.191745415787E-02       2   2   2     8
 -1.809105852713E-02  1.809105855307E-02       3   2   1    48
 -3.049155648628E-03  3.049155659180E-03       4   0   0     6
 -1.680667391059E-03  1.680667408361E-03       4   1   1    24
 -1.129757193178E-03  1.129757204909E-03       3   3   0    12
  1.282999498371E-03 -1.282999486909E-03       4   2   0    24
  3.045502620166E-03 -3.045502612925E-03       3   3   2    24
  3.603530902422E-03 -3.603530897510E-03       4   2   2    24
  3.325756493370E-03 -3.325756490208E-03       5   1   0    24
  5.024802045538E-03 -5.024802041694E-03       4   3   1    48
  3.370929534751E-03 -3.370929533726E-03       5   2   1    48
  1.260679350187E-03 -1.260679349945E-03       4   4   0    12
  1.110436378093E-03 -1.110436378085E-03       5   3   0    24
  1.145213272800E-03 -1.145213272239E-03       4   3   3    24
  2.635248030038E-04 -2.635248034441E-04       6   0   0     6
  5.766108846330E-04 -5.766108844677E-04       4   4   2    24
  1.143486648503E-04 -1.143486656157E-04       6   1   1    24
  1.756202429247E-04 -1.756202432013E-04       5   3   2    48
 -2.002747821980E-04  2.002747815318E-04       6   2   0    24
 -6.164298497949E-04  6.164298492691E-04       5   4   1    48
 -5.517976878777E-04  5.517976872762E-04       6   2   2    24
 -8.664433184285E-04  8.664433175980E-04       6   3   1    48
 -3.714579708725E-04  3.714579704594E-04       4   4   4     8
 -5.428294043696E-04  5.428294037641E-04       7   1   0    24
 -4.173946213443E-04  4.173946209236E-04       5   5   0    12
 -8.458242237695E-04  8.458242227601E-04       5   4   3    48
 -5.142166346135E-04  5.142166340109E-04       6   4   0    24
 -5.786706400809E-04  5.786706393272E-04       7   2   1    48
 -4.351861046049E-04  4.351861039526E-04       6   3   3    24
 -4.416503425426E-04  4.416503418782E-04       5   5   2    24
 -4.889386979609E-04  4.889386970993E-04       6   4   2    48
 -2.430886885699E-04  2.430886881050E-04       7   3   0    24
 -1.317742667355E-04  1.317742661974E-04       7   3   2    48
 -1.383423088829E-04  1.383423082633E-04       6   5   1    48
 -1.296422081380E-05  1.296422071381E-05       8   0   0     6
  2.097915793575E-05 -2.097915809567E-05       8   1   1    24
  2.723755570825E-05 -2.723755607527E-05       7   4   1    48
  1.841698838556E-05 -1.841698870615E-05       5   5   4    24
  5.796800411326E-05 -5.796800423126E-05       8   2   0    24
  5.966221670141E-05 -5.966221693021E-05       6   4   4    24
  1.266711565046E-04 -1.266711567218E-04       6   5   3    48
  1.037629356643E-04 -1.037629356962E-04       8   2   2    24
  7.673625169467E-05 -7.673625175788E-05       6   6   0    12
  1.614099749075E-04 -1.614099748956E-04       8   3   1    48
  1.182674023981E-04 -1.182674024206E-04       7   5   0    24
  1.678474220425E-04 -1.678474220607E-04       7   4   3    48
  1.236530893700E-04 -1.236530893422E-04       6   6   2    24
  1.697542421775E-04 -1.697542420711E-04       7   5   2    48
  1.094226727751E-04 -1.094226726685E-04       8   4   0    24
  9.303563418264E-05 -9.303563405561E-05       9   1   0    24
  1.001736767969E-04 -1.001736766644E-04       8   3   3    24
  1.246595363056E-04 -1.246595360951E-04       8   4   2    48
  9.871476384303E-05 -9.871476363934E-05       9   2   1    48
  1.090679115140E-04 -1.090679112839E-04       7   6   1    48
  7.945993776243E-05 -7.945993757796E-05       6   5   5    24
  6.496783083534E-05 -6.496783065109E-05       6   6   4    24
  4.421881076361E-05 -4.421881061827E-05       9   3   0    24
  6.722684601980E-05 -6.722684578976E-05       8   5   1    48
  7.107898456796E-05 -7.107898431635E-05       7   5   4    48
  2.962942407832E-05 -2.962942389107E-05       9   3   2    48
  3.416825163821E-05 -3.416825141317E-05       7   6   3    48
  1.234456058782E-05 -1.234456044698E-05       8   4   4    24
  1.633859420348E-06 -1.633859270134E-06       9   4   1    48
  3.390287256075E-06 -3.390287085469E-06       8   5   3    48
  1.454364098479E-06 -1.454364010501E-06       7   7   0    12
 -3.260280901652E-06  3.260280939121E-06      10   0   0     6
 -6.492801904003E-06  6.492802011490E-06       8   6   0    24
 -1.302004892840E-05  1.302004898388E-05      10   1   1    24
 -1.272642718172E-05  1.272642727706E-05       7   7   2    24
 -1.817651244875E-05  1.817651248992E-05      10   2   0    24
 -2.603826141945E-05  2.603826152164E-05       8   6   2    48
 -2.229706806902E-05  2.229706811383E-05       9   5   0    24
 -3.080751803545E-05  3.080751810567E-05       9   4   3    48
 -2.425908104393E-05  2.425908106104E-05      10   2   2    24
 -1.529746545466E-05  1.529746547882E-05       6   6   6     8
 -3.670955230767E-05  3.670955232323E-05      10   3   1    48
 -3.776029398022E-05  3.776029400390E-05       9   5   2    48
 -3.909311957878E-05  3.909311961445E-05       7   6   5    48
 -3.986332731829E-05  3.986332731297E-05       8   7   1    48
 -2.744995210176E-05  2.744995210426E-05       8   5   5    24
 -2.751971335304E-05  2.751971335616E-05       7   7   4    24
 -2.599039913937E-05  2.599039912014E-05      10   4   0    24
 -3.759153015761E-05  3.759153014283E-05       8   6   4    48
 -2.440654490945E-05  2.440654489079E-05      10   3   3    24
 -3.664065416459E-05  3.664065413562E-05       9   6   1    48
 -3.256054552546E-05  3.256054548889E-05      10   4   2    48
 -1.901501733615E-05  1.901501730845E-05      11   1   0    24
 -3.027246674811E-05  3.027246670236E-05       9   5   4    48
 -3.080799993401E-05  3.080799988593E-05       8   7   3    48
