    0    0    0        0.00000    1
    1    1    0       21.34715   12
    2    0    0       42.69430    6
    2    1    1       64.04145   24
    2    2    0       85.38861   12
    3    1    0      106.73576   24
    2    2    2      128.08291    8
    3    2    1      149.43006   48
    4    0    0      170.77721    6
    4    1    1      192.12436   24
    3    3    0      192.12436   12
    4    2    0      213.47151   24
    3    3    2      234.81866   24
    4    2    2      256.16582   24
    5    1    0      277.51297   24
    4    3    1      277.51297   48
    5    2    1      320.20727   48
    4    4    0      341.55442   12
    5    3    0      362.90157   24
    4    3    3      362.90157   24
    6    0    0      384.24872    6
    4    4    2      384.24872   24
    6    1    1      405.59587   24
    5    3    2      405.59587   48
    6    2    0      426.94303   24
    5    4    1      448.29018   48
    6    2    2      469.63733   24
    6    3    1      490.98448   48
    4    4    4      512.33163    8
    7    1    0      533.67878   24
    5    5    0      533.67878   12
    5    4    3      533.67878   48
    6    4    0      555.02593   24
    7    2    1      576.37309   48
    6    3    3      576.37309   24
    5    5    2      576.37309   24
    6    4    2      597.72024   48
    7    3    0      619.06739   24
    7    3    2      661.76169   48
    6    5    1      661.76169   48
    8    0    0      683.10884    6
    8    1    1      704.45599   24
    7    4    1      704.45599   48
    5    5    4      704.45599   24
    8    2    0      725.80314   24
    6    4    4      725.80314   24
    6    5    3      747.15030   48
    8    2    2      768.49745   24
    6    6    0      768.49745   12
    8    3    1      789.84460   48
    7    5    0      789.84460   24
    7    4    3      789.84460   48
    6    6    2      811.19175   24
    7    5    2      832.53890   48
    8    4    0      853.88605   24
    9    1    0      875.23320   24
    8    3    3      875.23320   24
    8    4    2      896.58036   48
    9    2    1      917.92751   48
    7    6    1      917.92751   48
    6    5    5      917.92751   24
    6    6    4      939.27466   24
    9    3    0      960.62181   24
    8    5    1      960.62181   48
    7    5    4      960.62181   48
    9    3    2     1003.31611   48
    7    6    3     1003.31611   48
    8    4    4     1024.66326   24
    9    4    1     1046.01041   48
    8    5    3     1046.01041   48
    7    7    0     1046.01041   12
   10    0    0     1067.35757    6
    8    6    0     1067.35757   24
   10    1    1     1088.70472   24
    7    7    2     1088.70472   24
   10    2    0     1110.05187   24
    8    6    2     1110.05187   48
    9    5    0     1131.39902   24
    9    4    3     1131.39902   48
   10    2    2     1152.74617   24
    6    6    6     1152.74617    8
   10    3    1     1174.09332   48
    9    5    2     1174.09332   48
    7    6    5     1174.09332   48
    8    7    1     1216.78762   48
    8    5    5     1216.78762   24
    7    7    4     1216.78762   24
   10    4    0     1238.13478   24
    8    6    4     1238.13478   48
   10    3    3     1259.48193   24
    9    6    1     1259.48193   48
   10    4    2     1280.82908   48
   11    1    0     1302.17623   24
    9    5    4     1302.17623   48
    8    7    3     1302.17623   48
