 format  1  0
dim                 
                   1
crystal_system      
          'lamellar'
N_cell_param        
                   1
cell_param          
    1.3835952906E+00
group_name          
                '-1'
N_monomer           
                   2
N_star              
                  21
  5.600000000000E-01  4.400000000000E-01       0     1
  2.179734275940E-01 -2.179734275841E-01       1     2
 -1.523969262415E-02  1.523969262143E-02       2     2
 -5.575240954520E-03  5.575240954490E-03       3     2
  1.108470498335E-03 -1.108470498556E-03       4     2
  1.455449531056E-04 -1.455449530934E-04       5     2
 -6.218980135235E-05  6.218980146350E-05       6     2
 -8.059872486808E-07  8.059872753625E-07       7     2
  2.826732709838E-06 -2.826732713547E-06       8     2
 -2.194238294935E-07  2.194238338772E-07       9     2
 -1.060764766149E-07  1.060764782164E-07      10     2
  1.946388906884E-08 -1.946388995126E-08      11     2
  3.010764186682E-09 -3.010764203812E-09      12     2
 -1.161872573075E-09  1.161872692383E-09      13     2
 -3.137859071779E-11  3.137865228352E-11      14     2
  5.685537948359E-11 -5.685537190418E-11      15     2
 -3.817653721188E-12  3.817577312625E-12      16     2
 -2.332684668702E-12  2.332625641218E-12      17     2
  4.053664853576E-13 -4.051318636739E-13      18     2
  3.071545504276E-14 -3.077687877704E-14      19     2
 -1.475930488937E-13 -4.916067553040E-14      20     1
