 format  1  0
dim                 
                   3
crystal_system      
             'cubic'
N_cell_param        
                   1
cell_param          
    3.6735414243E+00
group_name          
          'I a -3 d'
N_monomer           
                   2
N_star              
                 235
  1.400000000000E+01  6.000000000000E+00       0   0   0     1
  7.052571320569E+00 -4.719019982284E+00       2   1   1    24
  2.303574705252E+00 -1.466643911332E+00       2   2   0    12
 -2.162578699097E-01 -3.708338331425E-01       3   2   1    48
 -3.063998080986E-03 -5.962830965929E-01       4   0   0     6
  2.391094217089E-01 -1.179469036773E+00       4   2   0    24
  1.709598847549E-01  1.426367795087E+00       3   3   2    24
  2.493944575742E-03  8.037424691920E-01       4   2   2    24
  5.498116810776E-02  6.838005563251E-01       4   3   1    48
  3.164786239348E-01 -2.342504957875E-01       5   2   1    48
  3.058029199330E-01 -1.195386440485E-01       4   4   0    12
  5.975409997627E-01 -2.601367167235E-02       6   1   1    24
  4.130681057659E-01 -8.743414003377E-02       5   3   2    48
  9.169750316299E-02 -3.004903493025E-02       6   2   0    24
  5.130433530826E-01 -4.335724934268E-03       5   4   1    48
  5.863140532032E-01  2.101206065480E-01       6   3   1    48
 -4.581896890091E-01  6.989534818259E-02       4   4   4     8
 -7.558605105229E-01  1.583106941091E-02       5   4   3    48
  2.637289974609E-01  1.206495036159E-01       6   4   0    24
 -5.647263787657E-02 -9.528648255801E-02       7   2   1    48
 -1.208334479752E-01  3.634810809807E-02       6   3   3    24
 -1.868742793719E-01  2.639583059626E-02       5   5   2    24
 -1.165525417764E-01  1.616661045839E-02       6   4   2    48
  1.517591299907E-01  2.986051713729E-01       7   3   2    48
  8.201127664473E-02  2.241499340003E-01       6   5   1    48
 -2.413679810368E-02 -1.416927037656E-01       8   0   0     6
  1.888132288286E-02 -3.726842584151E-02       7   4   1    48
 -1.292987551948E-02 -2.432921295533E-01       8   2   0    24
  6.509556258971E-02  1.742631755432E-01       6   5   3    48
  2.353479984047E-03  1.922336557139E-01       8   2   2    24
  4.467561801338E-02  1.833930984733E-01       6   6   0    12
  2.241324328439E-02  7.693148064928E-02       8   3   1    48
  3.424174837146E-02  1.884997463791E-01       7   4   3    48
  1.439025135746E-02  2.855477261880E-01       7   5   2    48
  7.453210486843E-02 -1.009548747914E-01       8   4   0    24
 -3.826514305774E-02  1.036903400908E-01       8   4   2    48
  3.681433532155E-02  1.337706236952E-04       9   2   1    48
  6.552282051586E-03  8.310616021940E-02       7   6   1    48
 -1.559601835493E-01 -3.606091672250E-01       6   5   5    24
 -9.555914981877E-02 -2.469139710395E-01       6   6   4    24
 -4.767310726247E-02  7.468386562046E-02       8   5   1    48
 -7.954026683920E-02 -2.128684310061E-01       7   5   4    48
  7.804412901376E-02  2.430406899753E-02       9   3   2    48
 -6.533638799972E-02 -9.312340688492E-02       7   6   3    48
 -7.069646348849E-02 -2.787488024291E-02       8   4   4    24
  7.823194383490E-02  2.747974652112E-02       9   4   1    48
 -4.714141625912E-02 -2.167887799808E-02       8   5   3    48
  7.575930978399E-02  4.433590328384E-02       8   6   0    24
  1.290101399165E-01  7.964882655125E-02      10   1   1    24
 -1.055511571530E-01 -4.111211209201E-02       7   7   2    24
  1.177599227631E-02  5.087516343645E-03      10   2   0    24
 -4.106660870508E-02 -1.410202799471E-02       8   6   2    48
 -1.472006263676E-01 -6.462973548293E-02       9   4   3    48
  1.461840821834E-01  1.149613381310E-01      10   3   1    48
  2.742806930012E-02  3.759743811751E-02       9   5   2    48
 -2.744403394421E-02 -9.724701791810E-03       7   6   5    48
 -1.217077193117E-01 -7.677000592487E-02       8   7   1    48
  3.906047180431E-02  2.939059403849E-02      10   4   0    24
 -1.280925594251E-01 -7.030035772326E-02       8   6   4    48
 -6.140024406617E-02 -4.805853157493E-02      10   3   3    24
  7.853500481409E-02  7.335425485136E-02       9   6   1    48
 -2.693022140025E-02 -1.915944880436E-02      10   4   2    48
 -7.115349911323E-02 -5.571207857389E-02       9   5   4    48
 -8.863025838237E-02 -6.297207465038E-02       8   7   3    48
 -7.507122213301E-03 -1.548028868073E-02      11   2   1    48
  7.015981958551E-02  8.899161592473E-02      10   5   1    48
 -1.326423395485E-01 -1.153204196951E-01       9   6   3    48
 -3.087787592827E-02 -2.095495302497E-02       8   8   0    12
  1.759697837657E-02  4.299204970714E-02      11   3   2    48
 -2.076430848128E-02 -9.806590858789E-03      10   5   3    48
 -5.832851885033E-02 -4.718497508479E-02       9   7   2    48
  1.575876418196E-01  6.805770252628E-02       7   7   6    24
  4.025445123326E-02  5.914062739263E-02      10   6   0    24
  1.112498413317E-01  5.279609806734E-02       8   6   6    24
 -1.281271738127E-03 -1.221775785365E-02      11   4   1    48
  1.124549740097E-01  5.378614433340E-02       8   7   5    48
 -2.567107673923E-02 -2.915146224756E-02      10   6   2    48
  2.773316296751E-02 -1.657718656798E-04       9   6   5    48
  8.489097179899E-03 -2.024135710581E-02      12   0   0     6
  1.361240254893E-02 -1.016370955106E-02       8   8   4    24
  6.504284911536E-03  3.947460990507E-02      11   4   3    48
  3.795098177083E-04  2.668783032049E-02       9   8   1    48
  1.158733745175E-02 -7.846575607955E-03       9   7   4    48
  2.167576793891E-02 -3.205656941853E-02      12   2   0    24
  3.748571414051E-03  4.784595174112E-02      11   5   2    48
 -6.800612027406E-03  1.420936208187E-02      10   7   1    48
 -1.895859974359E-02 -5.009914306523E-02      10   5   5    24
 -2.230453507056E-02  2.523805316738E-02      12   2   2    24
 -1.600745912716E-02 -3.430493009012E-02      10   6   4    48
  7.351073894042E-04  6.992963761163E-03      12   3   1    48
 -1.267251001548E-02 -4.965849505851E-02       9   8   3    48
  5.659980809031E-03  4.528053494327E-03      11   6   1    48
 -1.127242018711E-02 -3.230998593326E-04      10   7   3    48
  3.157795867467E-02 -9.183573477066E-03      12   4   0    24
 -1.587382527766E-03 -4.407048090652E-02      11   5   4    48
 -3.356323293105E-02  1.039340800074E-02      12   4   2    48
 -1.219698655763E-02  2.367117662241E-02      10   8   0    24
 -1.247514725218E-02 -1.587775750113E-04      11   6   3    48
  6.665485037052E-04 -3.212303274439E-02       9   9   2    24
 -7.414571108504E-03 -2.314987496232E-02       9   7   6    48
 -1.660718185470E-03 -1.192447651164E-02      10   8   2    48
 -8.283474923261E-03  5.906554890072E-03      12   5   1    48
 -4.229281398935E-03 -2.828754919698E-02       9   8   5    48
  6.637204069441E-03  5.210300468605E-03      13   2   1    48
 -3.447042159271E-02  2.464911998418E-03      11   7   2    48
  3.508501975780E-03 -3.618362604359E-02      10   7   5    48
  4.330463741787E-03 -5.603131907460E-03      12   4   4    24
 -1.431059201738E-03 -3.394042780664E-03      12   5   3    48
  3.355221106715E-02  1.621605029997E-02      12   6   0    24
  1.366861678002E-02 -2.469908982710E-02      10   8   4    48
  1.477872646775E-02  1.521703273723E-02      13   3   2    48
  2.497053710276E-03 -1.220472859896E-02      11   6   5    48
  4.229741695271E-03 -9.721503996472E-03      10   9   1    48
 -2.664710781537E-02 -1.030574249462E-02      12   6   2    48
  1.298559580461E-02  1.113330642255E-02      13   4   1    48
 -1.229433957065E-02 -1.091131640300E-03      11   8   1    48
  1.709797781159E-02 -1.101088250765E-02      11   7   4    48
 -4.460227351741E-04 -7.776527471595E-03      10   9   3    48
  1.837726771024E-02  4.194633453143E-02       8   8   8     8
 -2.682929817277E-02 -2.698408854693E-02      13   4   3    48
 -2.328718305432E-02 -1.224541724018E-02      12   7   1    48
  8.896765621123E-03 -1.186445289744E-03      11   8   3    48
  3.057635348610E-02  7.620799200261E-02       9   8   7    48
 -1.932214530763E-02 -1.726843959609E-02      12   6   4    48
  8.092894852255E-03  1.625466909566E-02      13   5   2    48
  1.415991708559E-02  2.623169394097E-02      10   7   7    24
  1.121087415973E-02  2.781714130010E-02       9   9   6    24
  2.418774462333E-03  1.911114460395E-03      14   2   0    12
 -1.712117763232E-02 -1.309858278463E-02      10  10   0    12
  1.275439837433E-02  2.791510449151E-02      10   8   6    48
 -6.765757071076E-03 -6.336053197627E-03      12   7   3    48
  1.466897534681E-02  1.557964170085E-02      13   6   1    48
 -2.722737299577E-02 -2.542600764933E-02      11   9   2    48
  2.545218027761E-02  2.009925865281E-02      11   7   6    48
  1.893175787392E-02  1.795615125190E-02      10   9   5    48
  1.066929729364E-02  1.359155060352E-02      12   8   0    24
 -1.618653739816E-02 -2.541050280121E-02      13   5   4    48
  7.216399581696E-03  1.108582021734E-03      11   8   5    48
  8.113720182066E-03  8.501665750567E-03      14   4   0    12
 -9.270839214436E-03 -8.959945406609E-03      12   8   2    48
 -2.833067979475E-02 -3.193487046756E-02      13   6   3    48
 -6.601873625405E-03 -6.723815750355E-03      14   4   2    24
  3.245927310498E-02  2.560545056875E-02      12   6   6    24
  2.931015551841E-02  2.228942023455E-02      10  10   4    24
  1.780342010365E-02  1.169371632232E-02      12   7   5    48
  1.552372427717E-02  1.119927567964E-02      11   9   4    48
 -1.224944196787E-02 -1.130543137583E-03      13   7   2    48
 -2.148658491315E-02 -2.358434635328E-02      11  10   1    48
 -1.322833127351E-02 -1.857208637237E-02      12   8   4    48
 -1.800226253599E-02 -2.116934338264E-02      12   9   1    48
  1.472507183825E-02  1.958196265515E-02      13   6   5    48
  2.348297042970E-02  2.541827018588E-02      11  10   3    48
  1.340337230745E-02  9.504449929057E-03      10   9   7    48
  9.722103808385E-03  1.424883062555E-02      14   6   0    12
  8.354868130187E-03  1.234817658376E-02      13   8   1    48
  5.055874016482E-03 -5.595139147535E-03      13   7   4    48
 -1.040602159553E-02 -1.366448503419E-02      12   9   3    48
  1.745840811131E-02  1.365097729882E-02      11   8   7    48
 -8.357294772429E-03 -1.168698663447E-02      14   6   2    24
  3.111398735355E-02  2.827167899383E-02      11   9   6    48
 -1.466977543732E-02 -2.268765645151E-02      13   8   3    48
 -7.556928697111E-03 -8.137104724092E-03      12  10   0    24
  2.850975289245E-02  3.000402073693E-02      12   8   6    48
  8.720986208140E-03  5.694520528357E-03      11  11   2    24
  1.483148323869E-02  1.421441586726E-02      11  10   5    48
 -2.564817235777E-04 -1.915081790270E-03      14   6   4    24
  1.788055284865E-03  8.378761880642E-04      12  10   2    48
  1.930931608544E-02  2.144933762160E-02      12   9   5    48
 -1.614845740951E-02 -1.922881097336E-02      13   9   2    48
  2.125745531892E-03  3.391209678275E-03      13   7   6    48
  4.263350741272E-03  5.548435093385E-03      13   8   5    48
  3.194228973700E-04  1.022964484901E-02      14   8   0    12
  6.806003895008E-03  4.460783370243E-03      12  10   4    48
 -3.551963119521E-02 -2.334743429511E-02      10   9   9    24
 -1.851661046364E-03 -6.720728949864E-03      14   8   2    24
 -2.702597884415E-02 -1.943596586394E-02      10  10   8    24
  1.105583739508E-02  8.457646831487E-03      13   9   4    48
  4.629521297447E-03  1.690206509055E-03      12  11   1    48
 -2.875689855581E-02 -2.022314634655E-02      11   9   8    48
 -1.092754262849E-03  8.396404196994E-04      13  10   1    48
 -1.091267373704E-02 -7.485555555178E-03      11  10   7    48
 -5.894344687915E-03 -2.414230076773E-03      12   8   8    24
  4.252543483867E-03  2.016849985449E-04      12  11   3    48
 -1.555355465499E-03  2.774240712453E-03      12   9   7    48
  2.709265539392E-03 -4.650315493353E-03      14   8   4    24
  3.391688008575E-04 -3.709369570554E-03      13  10   3    48
 -1.319702329320E-03  4.486218227634E-03      11  11   6    24
 -1.118467208476E-04  5.647541164109E-03      12  10   6    48
 -9.665219788898E-05  7.764031507566E-03      13   8   7    48
  5.762506466420E-03  8.093143029183E-03      13   9   6    48
  3.476202207108E-03 -1.621800852546E-03      12  12   0    12
 -2.218340835833E-03  2.436894550685E-03      12  11   5    48
  4.820323569095E-03 -2.841346702838E-03      13  11   2    48
  3.836257554572E-03  3.035391491543E-03      13  10   5    48
 -1.078338192012E-02 -5.385985768308E-03      14  10   0    12
 -1.002664898917E-04  5.285496876446E-03      14   8   6    24
  2.998543362772E-03  3.033412214873E-04      14  10   2    24
 -1.049532162682E-03  1.575919214576E-03      11  10   9    48
 -3.412116357559E-03  2.094321294015E-03      12  12   4    24
  1.123113055604E-03  3.809059728583E-03      13  11   4    48
 -1.504032749811E-03  4.217732318989E-03      12  10   8    48
  1.350411412194E-02  8.161018680589E-03      14  10   4    24
  4.594394190757E-03  3.850197898015E-03      13  12   1    48
 -9.411670105445E-03 -4.424214945756E-03      13   9   8    48
 -3.483478255036E-03  1.399025579189E-03      12  11   7    48
 -4.771308315960E-03  1.623063926872E-03      13  10   7    48
 -3.937745896580E-03 -3.963342158959E-03      13  12   3    48
 -1.876458529178E-03  3.074059741689E-03      13  11   6    48
 -6.203783665164E-03 -7.996746881633E-04      14  10   6    24
 -1.367670669560E-03 -5.311340570504E-04      13  12   5    48
 -7.026738281912E-03 -7.129597409870E-03      14  12   0    12
  7.851120952583E-03  8.410369763886E-03      13  13   2    24
 -4.130527792340E-03 -1.241481743622E-02      11  11  10    24
  1.030063107994E-03  1.150212230025E-03      14  12   2    24
 -1.497345622332E-03 -8.181313006093E-03      12  10  10    24
 -4.173869729930E-03 -8.101774402209E-03      12  11   9    48
 -1.661669171794E-03 -3.538450288908E-03      13  10   9    48
 -3.898979661857E-03 -4.662109809952E-03      12  12   8    24
 -6.193942745744E-03 -8.768894823393E-03      13  11   8    48
  1.076749783873E-02  1.092845572193E-02      14  12   4    24
 -6.127278031891E-03 -5.882974303093E-03      14  10   8    24
 -2.726085680468E-03 -1.390475762726E-03      13  12   7    48
 -8.111644612259E-03 -6.907854069135E-03      13  13   6    24
 -4.436496876756E-03 -4.516637095391E-03      14  12   6    24
 -2.023961738093E-03 -3.065235481265E-03      13  11  10    48
  2.031813140493E-03  2.476104216461E-03      14  14   0     3
 -6.274727816697E-04 -7.328835888091E-04      13  12   9    48
 -8.598782729541E-03 -8.712760867944E-03      14  12   8    24
 -2.289009424683E-03 -2.018013379580E-03      14  14   4     6
  5.425214292311E-03  5.069957697107E-03      12  12  12     8
  8.749788394877E-03  7.220933897324E-03      13  12  11    48
  5.361794037699E-03  2.331766836318E-03      13  13  10    24
  6.028329829973E-03  5.000087851123E-03      14  12  10    24
  5.828129855972E-04 -1.668229836138E-03      14  14   8     6
 -1.616653108636E-03  7.349933399996E-04      14  14  12     6
