 format  1  0
dim                 
                   3
crystal_system      
             'cubic'
N_cell_param        
                   1
cell_param          
    3.6735414243E+00
group_name          
          'I a -3 d'
N_monomer           
                   2
N_star              
                 235
  3.000000000000E-01  7.000000000000E-01       0   0   0     1
 -2.942897825731E-01  2.942897825798E-01       2   1   1    24
 -9.425546540237E-02  9.425546543548E-02       2   2   0    12
 -3.864399075686E-03  3.864399097163E-03       3   2   1    48
 -1.483047745439E-02  1.483047747831E-02       4   0   0     6
 -3.546446148205E-02  3.546446143221E-02       4   2   0    24
  3.138519775528E-02 -3.138519772498E-02       3   3   2    24
  2.003121311601E-02 -2.003121309861E-02       4   2   2    24
  1.572048468759E-02 -1.572048474014E-02       4   3   1    48
 -1.376822801457E-02  1.376822801859E-02       5   2   1    48
 -1.063353910080E-02  1.063353911786E-02       4   4   0    12
 -1.558886678915E-02  1.558886678259E-02       6   1   1    24
 -1.251255614576E-02  1.251255613169E-02       5   3   2    48
 -3.043663462807E-03  3.043663450896E-03       6   2   0    24
 -1.293447694477E-02  1.293447695443E-02       5   4   1    48
 -9.404836160781E-03  9.404836152653E-03       6   3   1    48
  1.320212593471E-02 -1.320212591992E-02       4   4   4     8
  1.929228948564E-02 -1.929228954532E-02       5   4   3    48
 -3.576987365244E-03  3.576987281697E-03       6   4   0    24
 -9.703461175843E-04  9.703461014946E-04       7   2   1    48
  3.929538868526E-03 -3.929538961775E-03       6   3   3    24
  5.331752720131E-03 -5.331752762926E-03       5   5   2    24
  3.317978785042E-03 -3.317978843018E-03       6   4   2    48
  3.671151042164E-03 -3.671151031858E-03       7   3   2    48
  3.553466384021E-03 -3.553466395979E-03       6   5   1    48
 -2.938897638044E-03  2.938897611342E-03       8   0   0     6
 -1.403743787981E-03  1.403743585327E-03       7   4   1    48
 -5.759056386836E-03  5.759056294124E-03       8   2   0    24
  2.729190377525E-03 -2.729190248554E-03       6   5   3    48
  4.747004360762E-03 -4.747004398895E-03       8   2   2    24
  3.467936964416E-03 -3.467937075789E-03       6   6   0    12
  1.362955931679E-03 -1.362955985079E-03       8   3   1    48
  3.856449965842E-03 -3.856449830046E-03       7   4   3    48
  6.778936904770E-03 -6.778936867204E-03       7   5   2    48
 -4.387174499924E-03  4.387174536012E-03       8   4   0    24
  3.548887074446E-03 -3.548887211754E-03       8   4   2    48
 -9.170141202510E-04  9.170141403092E-04       9   2   1    48
  1.913846977685E-03 -1.913846958337E-03       7   6   1    48
 -5.116224610608E-03  5.116224524726E-03       6   5   5    24
 -3.783870488063E-03  3.783870599977E-03       6   6   4    24
  3.058924375985E-03 -3.058924251078E-03       8   5   1    48
 -3.333203914047E-03  3.333204201510E-03       7   5   4    48
 -1.343501389001E-03  1.343501658102E-03       9   3   2    48
 -6.946753798095E-04  6.946754696960E-04       7   6   3    48
  1.070539537735E-03 -1.070539712224E-03       8   4   4    24
 -1.268804982287E-03  1.268804888091E-03       9   4   1    48
  6.365636444057E-04 -6.365632961614E-04       8   5   3    48
 -7.855851976652E-04  7.855851758621E-04       8   6   0    24
 -1.234032821381E-03  1.234032913683E-03      10   1   1    24
  1.610976176733E-03 -1.610976146734E-03       7   7   2    24
 -1.672119171340E-04  1.672118117332E-04      10   2   0    24
  6.741146398908E-04 -6.741144690606E-04       8   6   2    48
  2.064272290325E-03 -2.064272228262E-03       9   4   3    48
 -7.805686840176E-04  7.805685405527E-04      10   3   1    48
  2.542342092260E-04 -2.542342004990E-04       9   5   2    48
  4.429832005612E-04 -4.429834582498E-04       7   6   5    48
  1.123442853372E-03 -1.123442758815E-03       8   7   1    48
 -2.417468900203E-04  2.417469951423E-04      10   4   0    24
  1.444804938168E-03 -1.444805104947E-03       8   6   4    48
  3.335427840930E-04 -3.335428307738E-04      10   3   3    24
 -1.295187048578E-04  1.295187485642E-04       9   6   1    48
  1.942693414179E-04 -1.942692705764E-04      10   4   2    48
  3.860354889771E-04 -3.860355311134E-04       9   5   4    48
  6.414545301495E-04 -6.414546094973E-04       8   7   3    48
 -1.993290760985E-04  1.993292736657E-04      11   2   1    48
  4.707949029715E-04 -4.707950025650E-04      10   5   1    48
  4.330479823745E-04 -4.330479690463E-04       9   6   3    48
  2.480730436306E-04 -2.480731022648E-04       8   8   0    12
  6.348767688475E-04 -6.348768449406E-04      11   3   2    48
  2.739428799804E-04 -2.739430049679E-04      10   5   3    48
  2.785885339264E-04 -2.785887406792E-04       9   7   2    48
 -2.238248440998E-03  2.238248548940E-03       7   7   6    24
  4.721544205799E-04 -4.721542923031E-04      10   6   0    24
 -1.461343615187E-03  1.461343574914E-03       8   6   6    24
 -2.734121613901E-04  2.734122197253E-04      11   4   1    48
 -1.466720821322E-03  1.466720745346E-03       8   7   5    48
 -8.700964763541E-05  8.700959904589E-05      10   6   2    48
 -6.974734367133E-04  6.974733828592E-04       9   6   5    48
 -7.182613198372E-04  7.182614044464E-04      12   0   0     6
 -5.944028395726E-04  5.944028534209E-04       8   8   4    24
  8.242581349290E-04 -8.242581499513E-04      11   4   3    48
  6.577080205448E-04 -6.577079944030E-04       9   8   1    48
 -4.858479320110E-04  4.858477971122E-04       9   7   4    48
 -1.343308469984E-03  1.343308428975E-03      12   2   0    24
  1.102434523601E-03 -1.102434492759E-03      11   5   2    48
  5.252493918437E-04 -5.252493979161E-04      10   7   1    48
 -7.785135941227E-04  7.785135614810E-04      10   5   5    24
  1.188564716318E-03 -1.188564682631E-03      12   2   2    24
 -4.574368221917E-04  4.574367319871E-04      10   6   4    48
  1.564464046194E-04 -1.564464175472E-04      12   3   1    48
 -9.246496905146E-04  9.246495679072E-04       9   8   3    48
 -2.829823016767E-05  2.829815502991E-05      11   6   1    48
  2.737329612823E-04 -2.737330117887E-04      10   7   3    48
 -1.019038346189E-03  1.019038244542E-03      12   4   0    24
 -1.062077467687E-03  1.062077438944E-03      11   5   4    48
  1.098915993060E-03 -1.098916000968E-03      12   4   2    48
  8.967040440173E-04 -8.967040902150E-04      10   8   0    24
  3.079092270947E-04 -3.079092510200E-04      11   6   3    48
 -8.197395108754E-04  8.197395006312E-04       9   9   2    24
 -3.933825623480E-04  3.933825821585E-04       9   7   6    48
 -2.565939956100E-04  2.565939222834E-04      10   8   2    48
  3.547507397406E-04 -3.547507932055E-04      12   5   1    48
 -6.014566573646E-04  6.014566852249E-04       9   8   5    48
 -3.567262560529E-05  3.567256327839E-05      13   2   1    48
  9.233833009087E-04 -9.233833883994E-04      11   7   2    48
 -9.923031624898E-04  9.923031960578E-04      10   7   5    48
 -2.483398721249E-04  2.483398834716E-04      12   4   4    24
 -4.907459658859E-05  4.907458420835E-05      12   5   3    48
 -4.334039952119E-04  4.334039942937E-04      12   6   0    24
 -9.591926251058E-04  9.591926938181E-04      10   8   4    48
  1.095765675722E-05 -1.095767454303E-05      13   3   2    48
 -3.675445418782E-04  3.675445640381E-04      11   6   5    48
 -3.487811449897E-04  3.487811200173E-04      10   9   1    48
  4.085341068755E-04 -4.085341304268E-04      12   6   2    48
 -4.630723393438E-05  4.630723395197E-05      13   4   1    48
  2.800801872588E-04 -2.800802421715E-04      11   8   1    48
 -7.027214948078E-04  7.027215461977E-04      11   7   4    48
 -1.832626120307E-04  1.832626222115E-04      10   9   3    48
  5.892266613788E-04 -5.892266689891E-04       8   8   8     8
 -3.869765811417E-06  3.869747390781E-06      13   4   3    48
  2.760441433239E-04 -2.760442039524E-04      12   7   1    48
 -2.520802859307E-04  2.520803125071E-04      11   8   3    48
  1.140790965521E-03 -1.140791007262E-03       9   8   7    48
  5.134264007122E-05 -5.134266490513E-05      12   6   4    48
  2.040443709630E-04 -2.040443661091E-04      13   5   2    48
  3.017944501674E-04 -3.017944471330E-04      10   7   7    24
  4.151567079370E-04 -4.151567081049E-04       9   9   6    24
 -1.269150795208E-05  1.269149513966E-05      14   2   0    12
  1.005648679119E-04 -1.005649010876E-04      10  10   0    12
  3.790176980818E-04 -3.790176935022E-04      10   8   6    48
  1.074259070682E-05 -1.074258995404E-05      12   7   3    48
  2.276667059826E-05 -2.276665897737E-05      13   6   1    48
  4.503413140398E-05 -4.503415555299E-05      11   9   2    48
 -1.338230066644E-04  1.338230707404E-04      11   7   6    48
 -2.439011865165E-05  2.439018408448E-05      10   9   5    48
  7.305633884679E-05 -7.305635549044E-05      12   8   0    24
 -2.305991349467E-04  2.305991365427E-04      13   5   4    48
 -1.526953982200E-04  1.526954219194E-04      11   8   5    48
  9.698644626650E-06 -9.698643431052E-06      14   4   0    12
  7.772333916732E-06 -7.772323958684E-06      12   8   2    48
 -9.010476465733E-05  9.010476653703E-05      13   6   3    48
 -3.048546786469E-06  3.048559013428E-06      14   4   2    24
 -1.713455629564E-04  1.713455842423E-04      12   6   6    24
 -1.755183733563E-04  1.755184188751E-04      10  10   4    24
 -1.527425889095E-04  1.527426148385E-04      12   7   5    48
 -1.081111920439E-04  1.081112225014E-04      11   9   4    48
  2.779724561406E-04 -2.779724535110E-04      13   7   2    48
 -5.244402832431E-05  5.244401647091E-05      11  10   1    48
 -1.335938496619E-04  1.335938877158E-04      12   8   4    48
 -7.917702026071E-05  7.917703227432E-05      12   9   1    48
  1.214222617713E-04 -1.214222642483E-04      13   6   5    48
  4.838249069931E-05 -4.838246693393E-05      11  10   3    48
 -9.747306608230E-05  9.747309251426E-05      10   9   7    48
  1.131681765601E-04 -1.131681965334E-04      14   6   0    12
  9.983270898308E-05 -9.983273626301E-05      13   8   1    48
 -2.662753213926E-04  2.662753335966E-04      13   7   4    48
 -8.146157227278E-05  8.146160871189E-05      12   9   3    48
 -9.518578510304E-05  9.518579000384E-05      11   8   7    48
 -8.324229593019E-05  8.324231289838E-05      14   6   2    24
 -7.105773658737E-05  7.105772125809E-05      11   9   6    48
 -2.004470192885E-04  2.004470674657E-04      13   8   3    48
 -1.450439818413E-05  1.450439794079E-05      12  10   0    24
  3.735668227819E-05 -3.735671985569E-05      12   8   6    48
 -7.566164108583E-05  7.566166255131E-05      11  11   2    24
 -1.542668869342E-05  1.542667886453E-05      11  10   5    48
 -4.146500689555E-05  4.146501433991E-05      14   6   4    24
 -2.375447524737E-05  2.375448031398E-05      12  10   2    48
  5.350053057673E-05 -5.350056362525E-05      12   9   5    48
 -7.700883607765E-05  7.700888489739E-05      13   9   2    48
  3.163660894935E-05 -3.163659945316E-05      13   7   6    48
  3.212710998564E-05 -3.212710550074E-05      13   8   5    48
  2.477555404173E-04 -2.477555652849E-04      14   8   0    12
 -5.863051083047E-05  5.863052018069E-05      12  10   4    48
  3.043049282025E-04 -3.043049199444E-04      10   9   9    24
 -1.217266982137E-04  1.217267191493E-04      14   8   2    24
  1.897503236207E-04 -1.897503100984E-04      10  10   8    24
 -6.495475320802E-05  6.495472906486E-05      13   9   4    48
 -7.348287392541E-05  7.348289967678E-05      12  11   1    48
  2.133437997523E-04 -2.133437772180E-04      11   9   8    48
  4.830987018414E-05 -4.830987122716E-05      13  10   1    48
  8.567794189453E-05 -8.567794520579E-05      11  10   7    48
  8.700285418517E-05 -8.700286754074E-05      12   8   8    24
 -1.012714634375E-04  1.012714786931E-04      12  11   3    48
  1.082398935859E-04 -1.082399035048E-04      12   9   7    48
 -1.839895177078E-04  1.839895310863E-04      14   8   4    24
 -1.012134610612E-04  1.012134784015E-04      13  10   3    48
  1.451480059634E-04 -1.451480313153E-04      11  11   6    24
  1.439846890831E-04 -1.439846964437E-04      12  10   6    48
  1.965170916497E-04 -1.965171162631E-04      13   8   7    48
  5.826590760182E-05 -5.826592052604E-05      13   9   6    48
 -1.274500743916E-04  1.274500867377E-04      12  12   0    12
  1.163808920678E-04 -1.163809138395E-04      12  11   5    48
 -1.915417569697E-04  1.915417634521E-04      13  11   2    48
 -2.002165376301E-05  2.002164770570E-05      13  10   5    48
  1.349349015102E-04 -1.349348856397E-04      14  10   0    12
  1.346440884844E-04 -1.346440983677E-04      14   8   6    24
 -6.738004992555E-05  6.738004803074E-05      14  10   2    24
  6.563628527648E-05 -6.563628354878E-05      11  10   9    48
  1.376609416197E-04 -1.376609467112E-04      12  12   4    24
  6.714866952916E-05 -6.714867475277E-05      13  11   4    48
  1.430441309069E-04 -1.430441431291E-04      12  10   8    48
 -1.335773852491E-04  1.335773624153E-04      14  10   4    24
 -1.860490594215E-05  1.860490908896E-05      13  12   1    48
  1.246863781629E-04 -1.246863647212E-04      13   9   8    48
  1.220625984778E-04 -1.220625954095E-04      12  11   7    48
  1.598593143839E-04 -1.598593096952E-04      13  10   7    48
 -6.399045790894E-07  6.399012597565E-07      13  12   3    48
  1.237629535489E-04 -1.237629522809E-04      13  11   6    48
  1.351027216019E-04 -1.351027080137E-04      14  10   6    24
  2.091341540532E-05 -2.091341500902E-05      13  12   5    48
 -2.571480861595E-06  2.571489123750E-06      14  12   0    12
  1.398122051805E-05 -1.398123026296E-05      13  13   2    24
 -2.071072469794E-04  2.071072434901E-04      11  11  10    24
  3.003729610130E-06 -3.003734038498E-06      14  12   2    24
 -1.670991877069E-04  1.670991829456E-04      12  10  10    24
 -9.819762467904E-05  9.819762251609E-05      12  11   9    48
 -4.691953336063E-05  4.691953082731E-05      13  10   9    48
 -1.907825436269E-05  1.907825448356E-05      12  12   8    24
 -6.437380593618E-05  6.437380613534E-05      13  11   8    48
  4.023948616349E-06 -4.023961604106E-06      14  12   4    24
  6.107587044374E-06 -6.107581579332E-06      14  10   8    24
  3.339023920239E-05 -3.339023467751E-05      13  12   7    48
  3.009476026900E-05 -3.009475578179E-05      13  13   6    24
 -2.003511559868E-06  2.003515466644E-06      14  12   6    24
 -2.603183844096E-05  2.603183879486E-05      13  11  10    48
  1.110727511729E-05 -1.110727612520E-05      14  14   0     3
 -2.635275861962E-06  2.635275591000E-06      13  12   9    48
 -2.849450692142E-06  2.849455010832E-06      14  12   8    24
  6.774900996885E-06 -6.774902067981E-06      14  14   4     6
 -8.881414638041E-06  8.881414294785E-06      12  12  12     8
 -3.822135675650E-05  3.822135423369E-05      13  12  11    48
 -7.575067692967E-05  7.575067412453E-05      13  13  10    24
 -2.570604453064E-05  2.570604311443E-05      14  12  10    24
 -5.627606522999E-05  5.627606526498E-05      14  14   8     6
  5.879116002704E-05 -5.879115749661E-05      14  14  12     6
