 format  1  0
dim                 
                   3
crystal_system      
             'cubic'
N_cell_param        
                   1
cell_param          
    3.6743159133E+00
group_name          
          'I a -3 d'
N_monomer           
                   2
N_star              
                 156
  1.400000000000E+01  6.000000000000E+00       0   0   0     1
  7.053727694385E+00 -4.723342441456E+00       2   1   1    24
  2.294866174739E+00 -1.465587529188E+00       2   2   0    12
 -2.209935839620E-01 -3.669284140614E-01       3   2   1    48
  9.237560029700E-03 -5.992887454866E-01       4   0   0     6
  2.455818366639E-01 -1.185177966121E+00       4   2   0    24
  1.729122138042E-01  1.425849634137E+00       3   3   2    24
 -2.402884423181E-03  8.041725469511E-01       4   2   2    24
  6.034531673377E-02  6.776385238775E-01       4   3   1    48
  3.134111013597E-01 -2.327170492178E-01       5   2   1    48
  3.142454124938E-01 -1.218699354535E-01       4   4   0    12
  5.987620844906E-01 -2.449544403173E-02       6   1   1    24
  4.134488680036E-01 -8.614949255813E-02       5   3   2    48
  8.903358223001E-02 -2.953185765051E-02       6   2   0    24
  5.137525987409E-01 -5.838284790634E-03       5   4   1    48
  5.885030405421E-01  2.060348971669E-01       6   3   1    48
 -4.547475852691E-01  7.195603544232E-02       4   4   4     8
 -7.520270143988E-01  1.624724735299E-02       5   4   3    48
  2.617654215984E-01  1.181319167121E-01       6   4   0    24
 -5.765338053233E-02 -9.500065195425E-02       7   2   1    48
 -1.204067981636E-01  4.046390095123E-02       6   3   3    24
 -1.883171040497E-01  3.062502501449E-02       5   5   2    24
 -1.178989076538E-01  1.478233481506E-02       6   4   2    48
  1.511723797609E-01  2.985972933443E-01       7   3   2    48
  8.164124013582E-02  2.228643700570E-01       6   5   1    48
 -1.673640213184E-02 -1.434663358610E-01       8   0   0     6
  2.011839858885E-02 -3.876127536293E-02       7   4   1    48
 -1.737773553014E-03 -2.491180056505E-01       8   2   0    24
  6.449796310388E-02  1.767369817308E-01       6   5   3    48
 -6.103051670380E-03  1.955345404526E-01       8   2   2    24
  4.489897963312E-02  1.864823436666E-01       6   6   0    12
  2.294916667774E-02  7.454232532043E-02       8   3   1    48
  3.746659833626E-02  1.912700783090E-01       7   4   3    48
  1.695566020819E-02  2.872964977931E-01       7   5   2    48
  8.265943117772E-02 -1.021334618790E-01       8   4   0    24
 -4.522181438453E-02  1.078228102818E-01       8   4   2    48
  3.575535586842E-02  9.414335233057E-04       9   2   1    48
  4.465554145462E-03  8.412730995058E-02       7   6   1    48
 -1.601815755431E-01 -3.602584804389E-01       6   5   5    24
 -9.575688950949E-02 -2.456777532684E-01       6   6   4    24
 -4.541899446388E-02  7.401929091976E-02       8   5   1    48
 -7.942525263287E-02 -2.157247352077E-01       7   5   4    48
  7.752144008685E-02  2.998611573106E-02       9   3   2    48
 -6.380631357957E-02 -8.725164326430E-02       7   6   3    48
 -6.885869974253E-02 -2.956263127096E-02       8   4   4    24
  7.752385311817E-02  2.921451341840E-02       9   4   1    48
 -4.708203674639E-02 -2.178653428264E-02       8   5   3    48
  8.258834976679E-02  4.459063681820E-02       8   6   0    24
  1.174490621500E-01  7.046668567119E-02      10   1   1    24
 -1.069134528963E-01 -4.044063402719E-02       7   7   2    24
  1.173380041947E-02  4.900628136760E-03      10   2   0    24
 -4.504785090297E-02 -1.553819681344E-02       8   6   2    48
 -1.433251350550E-01 -6.864673818400E-02       9   4   3    48
  1.320410221433E-01  1.002294981192E-01      10   3   1    48
  2.246352030757E-02  4.188328664602E-02       9   5   2    48
 -2.924117589209E-02 -1.339375011945E-02       7   6   5    48
 -1.183653855145E-01 -7.697260931230E-02       8   7   1    48
  4.145357017546E-02  3.198195907977E-02      10   4   0    24
 -1.284337861735E-01 -6.950144300412E-02       8   6   4    48
 -5.523275950706E-02 -3.874288349904E-02      10   3   3    24
  7.826206996778E-02  7.238836097878E-02       9   6   1    48
 -2.884237376445E-02 -2.104157501473E-02      10   4   2    48
 -6.885654146429E-02 -6.259774844307E-02       9   5   4    48
 -8.986108224543E-02 -6.510438713544E-02       8   7   3    48
 -1.225273813191E-02 -1.722402250024E-02      11   2   1    48
  6.384106496077E-02  7.538148640209E-02      10   5   1    48
 -1.302591798738E-01 -1.155150687063E-01       9   6   3    48
 -2.838568578221E-02 -1.770066681599E-02       8   8   0    12
  2.638151363826E-02  4.750743066436E-02      11   3   2    48
 -1.590441055430E-02 -4.837888375464E-03      10   5   3    48
 -6.315477521575E-02 -4.233083454081E-02       9   7   2    48
  1.582311933757E-01  6.742876283190E-02       7   7   6    24
  4.136254595646E-02  6.475152786389E-02      10   6   0    24
  1.130350945689E-01  5.543909266657E-02       8   6   6    24
 -1.035256379092E-02 -1.605776517139E-02      11   4   1    48
  1.098218153513E-01  4.894196381365E-02       8   7   5    48
 -2.986033393332E-02 -3.444007834465E-02      10   6   2    48
  2.290610895683E-02  2.421830443729E-03       9   6   5    48
  8.410939363772E-03 -2.583039467635E-02      12   0   0     3
  1.125458043386E-02 -1.529022966887E-02       8   8   4    24
  2.677894663799E-02  5.225950247498E-02      11   4   3    48
 -2.994851717006E-03  2.298234025455E-02       9   8   1    48
  1.822014254600E-02 -8.637044253550E-03       9   7   4    48
  2.356799992052E-02 -4.105292213959E-02      12   2   0    12
  1.058392882447E-02  5.508128341541E-02      11   5   2    48
 -7.546093434303E-03  8.917948839462E-03      10   7   1    48
 -2.004603186119E-02 -4.678781759702E-02      10   5   5    24
 -2.220308326482E-02  3.409577300038E-02      12   2   2    12
 -1.448661574855E-02 -3.397995586517E-02      10   6   4    48
 -1.265426035762E-02 -4.840414955682E-02       9   8   3    48
 -4.278188257987E-03 -5.580923030614E-03      11   6   1    48
 -1.087222611354E-02  2.112038867682E-03      10   7   3    48
  3.406342566426E-02 -1.473164693541E-02      12   4   0    12
 -1.365909353646E-02 -5.694300759169E-02      11   5   4    48
 -3.438221833238E-02  1.724604512254E-02      12   4   2    24
 -1.418936902003E-02  2.871549991960E-02      10   8   0    24
  9.079573978876E-03  2.032643632843E-02      11   6   3    48
 -6.470046361580E-03 -3.744795641237E-02       9   9   2    24
 -7.254998752516E-03 -2.275318255531E-02       9   7   6    48
 -1.473420199702E-03 -1.505363593484E-02      10   8   2    48
 -3.894771159699E-03 -2.712972839199E-02       9   8   5    48
 -3.944231388274E-02 -1.161761576398E-04      11   7   2    48
  1.188431662278E-03 -3.104431959002E-02      10   7   5    48
  2.546500546217E-03 -7.967750128831E-03      12   4   4    12
  3.849020711150E-02  1.845096299559E-02      12   6   0    12
  1.666590711988E-02 -2.828220574208E-02      10   8   4    48
 -9.625646662521E-03 -2.236627053720E-02      11   6   5    48
  1.014332301697E-02 -6.460670522077E-03      10   9   1    48
 -2.834520350657E-02 -9.885399913669E-03      12   6   2    24
 -1.770302268598E-02 -8.240941537839E-03      11   8   1    48
  1.586621411990E-02 -1.459613667114E-02      11   7   4    48
  5.346292892502E-03 -4.376867759558E-03      10   9   3    48
  1.672904847165E-02  4.003977911166E-02       8   8   8     8
  1.841349740326E-02  1.389487421762E-02      11   8   3    48
  3.003978939603E-02  7.612811612785E-02       9   8   7    48
 -2.844987947418E-02 -2.342355760201E-02      12   6   4    24
  1.818988782784E-02  2.062647924716E-02      10   7   7    24
  1.460026421987E-02  3.210202239734E-02       9   9   6    24
 -2.408477930647E-02 -1.466637675039E-02      10  10   0    12
  1.281578940708E-02  3.192644711935E-02      10   8   6    48
 -3.055449844203E-02 -3.133437993291E-02      11   9   2    48
  2.890042294065E-02  2.104795998833E-02      11   7   6    48
  1.274905354042E-02  1.615036949626E-02      10   9   5    48
  9.844945729238E-03  1.208329087565E-02      12   8   0    12
  2.675138880004E-03 -5.291008395623E-03      11   8   5    48
 -8.857945054438E-03 -9.022071494485E-03      12   8   2    24
  3.675130358134E-02  2.764526038405E-02      12   6   6    12
  3.885385385323E-02  2.577970464563E-02      10  10   4    24
  1.887811837155E-02  1.548499557699E-02      11   9   4    48
 -1.254178688796E-02 -1.779230410777E-02      11  10   1    48
 -1.570358573551E-02 -2.071987970847E-02      12   8   4    24
  1.602611485338E-02  2.180692414060E-02      11  10   3    48
  1.212042241615E-02  9.698817813693E-03      10   9   7    48
  1.368562138518E-02  2.171919285651E-03      11   8   7    48
  3.147459475280E-02  2.947551441661E-02      11   9   6    48
 -7.891650941288E-03 -7.988790124318E-03      12  10   0    12
  3.301491592607E-02  3.277749527672E-02      12   8   6    24
  1.585210616482E-02  2.779974041682E-03      11  11   2    24
  8.582803948484E-03  1.041422090037E-02      11  10   5    48
  3.091922446364E-03  2.422361772442E-03      12  10   2    24
  5.497646086876E-03  1.142673470275E-03      12  10   4    24
 -2.924949983133E-02 -1.908812137272E-02      10   9   9    24
 -3.118078677880E-02 -2.467831644937E-02      10  10   8    24
 -3.512365899294E-02 -2.022296005853E-02      11   9   8    48
 -5.060913933961E-03 -7.919011277786E-03      11  10   7    48
 -6.906337743050E-03 -7.739805599362E-04      12   8   8    12
 -4.580575147481E-03  7.140989631429E-03      11  11   6    24
 -2.128568833329E-03  4.054762928738E-03      12  10   6    24
  6.711561314431E-03 -1.313886542295E-03      12  12   0     3
 -6.465893679842E-04  7.564932320274E-04      11  10   9    48
 -7.535324190593E-03  2.685195261957E-03      12  12   4     6
  6.111347531330E-03  1.293923714694E-02      12  10   8    24
 -1.352296481646E-02 -1.678716567328E-02      11  11  10    24
  1.651361746133E-03 -6.247190905580E-03      12  10  10    12
 -4.237286801722E-03 -6.160432576264E-03      12  12   8     6
  1.326371599023E-02  1.081587725507E-02      12  12  12     1
