 format  1  0
dim                 
                   3
crystal_system      
             'cubic'
N_cell_param        
                   1
cell_param          
    3.6743159133E+00
group_name          
          'I a -3 d'
N_monomer           
                   2
N_star              
                 156
  3.000000000000E-01  7.000000000000E-01       0   0   0     1
 -2.944267533927E-01  2.944267533972E-01       2   1   1    24
 -9.401134259412E-02  9.401134258772E-02       2   2   0    12
 -3.648370745441E-03  3.648370741670E-03       3   2   1    48
 -1.521315763810E-02  1.521315763543E-02       4   0   0     6
 -3.576899506838E-02  3.576899507761E-02       4   2   0    24
  3.132343549299E-02 -3.132343550222E-02       3   3   2    24
  2.016438578254E-02 -2.016438578328E-02       4   2   2    24
  1.543233017656E-02 -1.543233016732E-02       4   3   1    48
 -1.365320376458E-02  1.365320375730E-02       5   2   1    48
 -1.090288369551E-02  1.090288369600E-02       4   4   0    12
 -1.558143821056E-02  1.558143821372E-02       6   1   1    24
 -1.248995901829E-02  1.248995901029E-02       5   3   2    48
 -2.964135994074E-03  2.964135993827E-03       6   2   0    24
 -1.298977209151E-02  1.298977210262E-02       5   4   1    48
 -9.561703590046E-03  9.561703592179E-03       6   3   1    48
  1.316759051961E-02 -1.316759051522E-02       4   4   4     8
  1.920685654599E-02 -1.920685651669E-02       5   4   3    48
 -3.590837624431E-03  3.590837609950E-03       6   4   0    24
 -9.336817897657E-04  9.336817852217E-04       7   2   1    48
  4.021767472574E-03 -4.021767456828E-03       6   3   3    24
  5.473553208331E-03 -5.473553213037E-03       5   5   2    24
  3.317031040878E-03 -3.317031015758E-03       6   4   2    48
  3.685622832574E-03 -3.685622825739E-03       7   3   2    48
  3.530578204504E-03 -3.530578234572E-03       6   5   1    48
 -3.168248336485E-03  3.168248354494E-03       8   0   0     6
 -1.471991858446E-03  1.471991847169E-03       7   4   1    48
 -6.184505809923E-03  6.184505813899E-03       8   2   0    24
  2.805975462368E-03 -2.805975504911E-03       6   5   3    48
  5.040939793983E-03 -5.040939821901E-03       8   2   2    24
  3.539584086751E-03 -3.539584122706E-03       6   6   0    12
  1.289828953502E-03 -1.289828928882E-03       8   3   1    48
  3.845086988478E-03 -3.845087014816E-03       7   4   3    48
  6.758520935681E-03 -6.758520902271E-03       7   5   2    48
 -4.619822317378E-03  4.619822314511E-03       8   4   0    24
  3.826115645563E-03 -3.826115617051E-03       8   4   2    48
 -8.703480619233E-04  8.703480556677E-04       9   2   1    48
  1.991543896273E-03 -1.991543909757E-03       7   6   1    48
 -5.001922590616E-03  5.001922605517E-03       6   5   5    24
 -3.748021585624E-03  3.748021528898E-03       6   6   4    24
  2.985957075680E-03 -2.985957131027E-03       8   5   1    48
 -3.407487026177E-03  3.407487016203E-03       7   5   4    48
 -1.188383095965E-03  1.188383091537E-03       9   3   2    48
 -5.861331920365E-04  5.861332194222E-04       7   6   3    48
  9.824016957832E-04 -9.824016819052E-04       8   4   4    24
 -1.207733502720E-03  1.207733507722E-03       9   4   1    48
  6.323875287199E-04 -6.323875988876E-04       8   5   3    48
 -9.499428673053E-04  9.499428278595E-04       8   6   0    24
 -1.174559418695E-03  1.174559401880E-03      10   1   1    24
  1.661820512863E-03 -1.661820465497E-03       7   7   2    24
 -1.708293265186E-04  1.708293174250E-04      10   2   0    24
  7.377413812273E-04 -7.377413811276E-04       8   6   2    48
  1.866959944839E-03 -1.866959961631E-03       9   4   3    48
 -7.952881258322E-04  7.952881213749E-04      10   3   1    48
  4.854941305140E-04 -4.854941470411E-04       9   5   2    48
  3.961856952390E-04 -3.961856032809E-04       7   6   5    48
  1.034819453819E-03 -1.034819433667E-03       8   7   1    48
 -2.367902440754E-04  2.367902812852E-04      10   4   0    24
  1.473308593023E-03 -1.473308550459E-03       8   6   4    48
  4.122468865864E-04 -4.122468713352E-04      10   3   3    24
 -1.468427422651E-04  1.468427578942E-04       9   6   1    48
  1.950199902566E-04 -1.950199999160E-04      10   4   2    48
  1.564698333459E-04 -1.564698336351E-04       9   5   4    48
  6.189174113358E-04 -6.189174009184E-04       8   7   3    48
 -1.242820488613E-04  1.242820728988E-04      11   2   1    48
  2.885105442800E-04 -2.885105305420E-04      10   5   1    48
  3.686027983068E-04 -3.686028435974E-04       9   6   3    48
  2.671254715949E-04 -2.671254455744E-04       8   8   0    12
  5.281479423742E-04 -5.281479257329E-04      11   3   2    48
  2.766630205578E-04 -2.766630182871E-04      10   5   3    48
  5.205985153708E-04 -5.205984874549E-04       9   7   2    48
 -2.270060799860E-03  2.270060769956E-03       7   7   6    24
  5.847245516497E-04 -5.847245510936E-04      10   6   0    24
 -1.439900055526E-03  1.439900079337E-03       8   6   6    24
 -1.426300429527E-04  1.426300318482E-04      11   4   1    48
 -1.521996319587E-03  1.521996342380E-03       8   7   5    48
 -1.144936097343E-04  1.144935845888E-04      10   6   2    48
 -5.121069658395E-04  5.121069678102E-04       9   6   5    48
 -8.560333194223E-04  8.560333237684E-04      12   0   0     3
 -6.636202719362E-04  6.636202255472E-04       8   8   4    24
  6.370139136644E-04 -6.370139050456E-04      11   4   3    48
  6.494298491435E-04 -6.494298323375E-04       9   8   1    48
 -6.714296932425E-04  6.714296915306E-04       9   7   4    48
 -1.615523078517E-03  1.615523044850E-03      12   2   0    12
  1.112433897831E-03 -1.112433907070E-03      11   5   2    48
  4.116011135040E-04 -4.116011109423E-04      10   7   1    48
 -6.685446541474E-04  6.685446365097E-04      10   5   5    24
  1.407471409426E-03 -1.407471395458E-03      12   2   2    12
 -4.873335258636E-04  4.873335292691E-04      10   6   4    48
 -8.937472852860E-04  8.937472494361E-04       9   8   3    48
 -3.256841210261E-05  3.256840098697E-05      11   6   1    48
  3.246066450729E-04 -3.246066466912E-04      10   7   3    48
 -1.219876837036E-03  1.219876828636E-03      12   4   0    12
 -1.082097862877E-03  1.082097877516E-03      11   5   4    48
  1.290706553870E-03 -1.290706569793E-03      12   4   2    24
  1.072621710190E-03 -1.072621723003E-03      10   8   0    24
  2.811715581361E-04 -2.811715754493E-04      11   6   3    48
 -7.744477412853E-04  7.744477466729E-04       9   9   2    24
 -3.874545946704E-04  3.874545778318E-04       9   7   6    48
 -3.395054044963E-04  3.395053911177E-04      10   8   2    48
 -5.808739570565E-04  5.808739472505E-04       9   8   5    48
  9.831534340985E-04 -9.831534698356E-04      11   7   2    48
 -8.058188058362E-04  8.058188209930E-04      10   7   5    48
 -2.628562542900E-04  2.628562506154E-04      12   4   4    12
 -5.009810770985E-04  5.009810898127E-04      12   6   0    12
 -1.123702820763E-03  1.123702845866E-03      10   8   4    48
 -3.185155775622E-04  3.185155898746E-04      11   6   5    48
 -4.150998654075E-04  4.150998402904E-04      10   9   1    48
  4.614950733381E-04 -4.614950770279E-04      12   6   2    24
  2.365520493470E-04 -2.365520360303E-04      11   8   1    48
 -7.615587524799E-04  7.615587734239E-04      11   7   4    48
 -2.430790233483E-04  2.430790120763E-04      10   9   3    48
  5.827682760372E-04 -5.827682767894E-04       8   8   8     8
 -1.129655986494E-04  1.129655887293E-04      11   8   3    48
  1.152208198724E-03 -1.152208199360E-03       9   8   7    48
  1.256580383304E-04 -1.256580470090E-04      12   6   4    24
  6.091477960768E-05 -6.091478761759E-05      10   7   7    24
  4.375439561078E-04 -4.375439591153E-04       9   9   6    24
  2.354600542800E-04 -2.354600465585E-04      10  10   0    12
  4.777664463426E-04 -4.777664423901E-04      10   8   6    48
 -1.949706598748E-05  1.949707220901E-05      11   9   2    48
 -1.963115712281E-04  1.963115840475E-04      11   7   6    48
  8.503291704393E-05 -8.503289199989E-05      10   9   5    48
  5.595864787275E-05 -5.595865674097E-05      12   8   0    12
 -1.991536776533E-04  1.991536798364E-04      11   8   5    48
 -4.103147581393E-06  4.103157582757E-06      12   8   2    24
 -2.276510644766E-04  2.276510630066E-04      12   6   6    12
 -3.268537126402E-04  3.268537134486E-04      10  10   4    24
 -8.482806498562E-05  8.482807263717E-05      11   9   4    48
 -1.312629138229E-04  1.312629229686E-04      11  10   1    48
 -1.254073580111E-04  1.254073736317E-04      12   8   4    24
  1.445202412124E-04 -1.445202366698E-04      11  10   3    48
 -6.054010987093E-05  6.054011159822E-05      10   9   7    48
 -2.878425354788E-04  2.878425385203E-04      11   8   7    48
 -4.997699140373E-05  4.997698292114E-05      11   9   6    48
 -2.428498891492E-06  2.428495887281E-06      12  10   0    12
 -5.935518678771E-06  5.935507161151E-06      12   8   6    24
 -3.268032916923E-04  3.268032876224E-04      11  11   2    24
  4.578542712256E-05 -4.578542687479E-05      11  10   5    48
 -1.673900928686E-05  1.673901417715E-05      12  10   2    24
 -1.088743088099E-04  1.088743075046E-04      12  10   4    24
  2.540344498340E-04 -2.540344546241E-04      10   9   9    24
  1.625617533623E-04 -1.625617542209E-04      10  10   8    24
  3.725174715039E-04 -3.725174746395E-04      11   9   8    48
 -7.145243090302E-05  7.145242191966E-05      11  10   7    48
  1.533089330458E-04 -1.533089377284E-04      12   8   8    12
  2.930391125368E-04 -2.930391156378E-04      11  11   6    24
  1.545832915465E-04 -1.545832982964E-04      12  10   6    24
 -2.006362005914E-04  2.006361935759E-04      12  12   0     3
  3.507706529241E-05 -3.507707065923E-05      11  10   9    48
  2.555129776926E-04 -2.555129776382E-04      12  12   4     6
  1.706972308667E-04 -1.706972290843E-04      12  10   8    24
 -8.160501642124E-05  8.160502097753E-05      11  11  10    24
 -1.974638147505E-04  1.974638165532E-04      12  10  10    12
 -4.807864457343E-05  4.807864858312E-05      12  12   8     6
 -6.119596990985E-05  6.119596813985E-05      12  12  12     1
