   0.00000   3.11390   2.00493
   1.00000   3.10599   1.99466
   2.00000   3.09745   1.98371
   3.00000   3.08829   1.97212
   4.00000   3.07851   1.95990
   5.00000   3.06810   1.94710
   6.00000   3.05704   1.93372
   7.00000   3.04532   1.91977
   8.00000   3.03291   1.90528
   9.00000   3.01976   1.89025
  10.00000   3.00582   1.87469
  11.00000   2.99105   1.85860
  12.00000   2.97536   1.84199
  13.00000   2.95868   1.82485
  14.00000   2.94089   1.80720
  15.00000   2.92189   1.78903
  16.00000   2.90151   1.77035
  17.00000   2.87959   1.75118
  18.00000   2.85592   1.73152
  19.00000   2.83023   1.71141
  20.00000   2.80222   1.69087
  21.00000   2.77151   1.66995
  22.00000   2.73764   1.64874
  23.00000   2.70002   1.62735
  24.00000   2.65794   1.60593
  25.00000   2.61045   1.58474
  26.00000   2.55633   1.56415
  27.00000   2.49389   1.54465
  28.00000   2.42049   1.52635
