    0    0        0.00000    1
    1    0       13.39275    6
    2   -1       40.17826    6
    2    0       53.57102    6
    3   -1       93.74928   12
    3    0      120.53479    6
    4   -2      160.71305    6
    4   -1      174.10580   12
    4    0      214.28406    6
    5   -2      254.46233   12
    5   -1      281.24783   12
    5    0      334.81885    6
    6   -3      361.60436    6
    6   -2      374.99711   12
    6   -1      415.17537   12
    6    0      482.13914    6
    7   -3      495.53190   12
    7   -2      522.31740   12
    7   -1      575.88842   12
    8   -4      642.85219    6
    8   -3      656.24494   12
    7    0      656.24494    6
    8   -2      696.42321   12
    8   -1      763.38698   12
    9   -4      816.95799   12
    9   -3      843.74350   12
    8    0      857.13625    6
    9   -2      897.31452   12
    9   -1      977.67104   12
   10   -5     1004.45655    6
   10   -4     1017.84930   12
   10   -3     1058.02756   12
    9    0     1084.81307    6
   10   -2     1124.99133   12
   11   -5     1218.74061   12
   10   -1     1218.74061   12
   11   -4     1245.52612   12
   11   -3     1299.09713   12
   10    0     1339.27540    6
   11   -2     1379.45366   12
   12   -6     1446.41743    6
   12   -5     1459.81018   12
   11   -1     1486.59569   12
   12   -4     1499.98844   12
   12   -3     1566.95221   12
   11    0     1620.52323    6
   12   -2     1660.70149   12
   13   -6     1700.87975   12
   13   -5     1727.66526   12
   13   -4     1781.23628   12
   12   -1     1781.23628   12
   13   -3     1861.59280   12
   12    0     1928.55657    3
   14   -7     1968.73483    6
   13   -2     1968.73483    6
   14   -6     1982.12759   12
   14   -5     2022.30585   12
   14   -4     2089.26962    6
   15   -7     2263.37542   12
   15   -6     2290.16093    6
   16   -8     2571.40876    2
