

N_monomer           
              2
names               
            'A'            'B'
kuhn                
  1.0000000E+00  1.0000000E+00
chi_flag            
            'B'
chi                 
  3.9000000E-01
N_chain             
              2
N_block             
              1
              1
block_monomer  
              1
              2
block_length   
  5.0000000E+00
  5.0000000E+00
N_solvent           
              1
solvent_monomer     
              1
solvent_size        
  2.0000000E-02
ensemble            
              0
phi_chain           
  5.0000000E-01
  5.0000000E-01
phi_solvent         
  0.0000000E+00

N_q                 
              1
 q =    1.0000000000000000E-002
 Output S_block(i_chain,i,j,q)
            1            1    24.99930557018152     
 Output S_chain
            1            1    24.99930557018152     
            1            2    0.000000000000000     
            2            1    0.000000000000000     
            2            2    0.000000000000000     
 Output S_block(i_chain,i,j,q)
            1            1    24.99930557018152     
 Output S_chain
            1            1    0.000000000000000     
            1            2    0.000000000000000     
            2            1    0.000000000000000     
            2            2    24.99930557018152     
 Output S_ideal
            1            1    2.499930557018152     
            1            2    0.000000000000000     
            2            1    0.000000000000000     
            2            2    2.499930557018152     
 Output S_inc
            1            1    1.249965278509076     
            1            2   -1.249965278509076     
            2            1   -1.249965278509076     
            2            2    1.249965278509076     
 Output S_rpa
            1            1    49.94450573204539     
            1            2   -49.94450573204539     
            2            1   -49.94450573204539     
            2            2    49.94450573204539     

N_monomer           
              2
names               
            'A'            'B'
kuhn                
  1.0000000E+00  1.0000000E+00
chi_flag            
            'B'
chi                 
  1.0490000E+00
N_chain             
              1
N_block             
              2
block_monomer  
              1              2
block_length   
  5.0000000E+00  5.0000000E+00
N_solvent           
              1
solvent_monomer     
              1
solvent_size        
  2.0000000E-02
ensemble            
              0
phi_chain           
  1.0000000E+00
phi_solvent         
  0.0000000E+00

N_q                 
             13
 q =    0.5000000000000000     
 Output S_block(i_chain,i,j,q)
            1            1    23.35067076553150     
            1            2    20.37193222992410     
            2            1    20.37193222992410     
            2            2    23.35067076553150     
 Output S_chain
            1            1    23.35067076553150     
            1            2    20.37193222992410     
            2            1    20.37193222992410     
            2            2    23.35067076553150     
 Output S_ideal
            1            1    2.335067076553150     
            1            2    2.037193222992410     
            2            1    2.037193222992410     
            2            2    2.335067076553150     
 Output S_inc
            1            1   0.1489369267803697     
            1            2  -0.1489369267803697     
            2            1  -0.1489369267803697     
            2            2   0.1489369267803697     
 Output S_rpa
            1            1   0.2166259738636831     
            1            2  -0.2166259738636831     
            2            1  -0.2166259738636831     
            2            2   0.2166259738636831     
 q =     1.000000000000000     
 Output S_block(i_chain,i,j,q)
            1            1    19.29107101250963     
            1            2    11.50845068964259     
            2            1    11.50845068964259     
            2            2    19.29107101250963     
 Output S_chain
            1            1    19.29107101250963     
            1            2    11.50845068964259     
            2            1    11.50845068964259     
            2            2    19.29107101250963     
 Output S_ideal
            1            1    1.929107101250963     
            1            2    1.150845068964259     
            2            1    1.150845068964259     
            2            2    1.929107101250963     
 Output S_inc
            1            1   0.3891310161433519     
            1            2  -0.3891310161433521     
            2            1  -0.3891310161433521     
            2            2   0.3891310161433519     
 Output S_rpa
            1            1    2.119413868946634     
            1            2   -2.119413868946634     
            2            1   -2.119413868946634     
            2            2    2.119413868946634     
 q =     1.320000000000000     
 Output S_block(i_chain,i,j,q)
            1            1    16.27141096221376     
            1            2    6.955831963564668     
            2            1    6.955831963564668     
            2            2    16.27141096221376     
 Output S_chain
            1            1    16.27141096221376     
            1            2    6.955831963564668     
            2            1    6.955831963564668     
            2            2    16.27141096221376     
 Output S_ideal
            1            1    1.627141096221376     
            1            2   0.6955831963564668     
            2            1   0.6955831963564668     
            2            2    1.627141096221376     
 Output S_inc
            1            1   0.4657789499324545     
            1            2  -0.4657789499324544     
            2            1  -0.4657789499324544     
            2            2   0.4657789499324545     
 Output S_rpa
            1            1    20.43269835189079     
            1            2   -20.43269835189079     
            2            1   -20.43269835189079     
            2            2    20.43269835189079     
 q =     1.400000000000000     
 Output S_block(i_chain,i,j,q)
            1            1    15.52998347672047     
            1            2    6.068517084424265     
            2            1    6.068517084424265     
            2            2    15.52998347672047     
 Output S_chain
            1            1    15.52998347672047     
            1            2    6.068517084424265     
            2            1    6.068517084424265     
            2            2    15.52998347672047     
 Output S_ideal
            1            1    1.552998347672047     
            1            2   0.6068517084424265     
            2            1   0.6068517084424265     
            2            2    1.552998347672047     
 Output S_inc
            1            1   0.4730733196148105     
            1            2  -0.4730733196148105     
            2            1  -0.4730733196148105     
            2            2   0.4730733196148105     
 Output S_rpa
            1            1    63.14231732694306     
            1            2   -63.14231732694306     
            2            1   -63.14231732694306     
            2            2    63.14231732694306     
 q =     1.460000000000000     
 Output S_block(i_chain,i,j,q)
            1            1    14.98388333165851     
            1            2    5.467940853427822     
            2            1    5.467940853427822     
            2            2    14.98388333165851     
 Output S_chain
            1            1    14.98388333165851     
            1            2    5.467940853427822     
            2            1    5.467940853427822     
            2            2    14.98388333165851     
 Output S_ideal
            1            1    1.498388333165851     
            1            2   0.5467940853427821     
            2            1   0.5467940853427821     
            2            2    1.498388333165851     
 Output S_inc
            1            1   0.4757971239115344     
            1            2  -0.4757971239115346     
            2            1  -0.4757971239115346     
            2            2   0.4757971239115344     
 Output S_rpa
            1            1    267.6575239436620     
            1            2   -267.6575239436620     
            2            1   -267.6575239436620     
            2            2    267.6575239436620     
 q =     1.505000000000000     
 Output S_block(i_chain,i,j,q)
            1            1    14.58104053853016     
            1            2    5.052596843160851     
            2            1    5.052596843160851     
            2            2    14.58104053853016     
 Output S_chain
            1            1    14.58104053853016     
            1            2    5.052596843160851     
            2            1    5.052596843160851     
            2            2    14.58104053853016     
 Output S_ideal
            1            1    1.458104053853016     
            1            2   0.5052596843160851     
            2            1   0.5052596843160851     
            2            2    1.458104053853016     
 Output S_inc
            1            1   0.4764221847684656     
            1            2  -0.4764221847684656     
            2            1  -0.4764221847684656     
            2            2   0.4764221847684656     
 Output S_rpa
            1            1    1021.803089402491     
            1            2   -1021.803089402491     
            2            1   -1021.803089402491     
            2            2    1021.803089402491     
 q =     1.510000000000000     
 Output S_block(i_chain,i,j,q)
            1            1    14.53666788700030     
            1            2    5.008249952217870     
            2            1    5.008249952217870     
            2            2    14.53666788700030     
 Output S_chain
            1            1    14.53666788700030     
            1            2    5.008249952217870     
            2            1    5.008249952217870     
            2            2    14.53666788700030     
 Output S_ideal
            1            1    1.453666788700030     
            1            2   0.5008249952217870     
            2            1   0.5008249952217870     
            2            2    1.453666788700030     
 Output S_inc
            1            1   0.4764208967391214     
            1            2  -0.4764208967391213     
            2            1  -0.4764208967391213     
            2            2   0.4764208967391214     
 Output S_rpa
            1            1    1015.912395589456     
            1            2   -1015.912395589456     
            2            1   -1015.912395589456     
            2            2    1015.912395589456     
 q =     1.515000000000000     
 Output S_block(i_chain,i,j,q)
            1            1    14.49237567965832     
            1            2    4.964257687822670     
            2            1    4.964257687822670     
            2            2    14.49237567965832     
 Output S_chain
            1            1    14.49237567965832     
            1            2    4.964257687822670     
            2            1    4.964257687822670     
            2            2    14.49237567965832     
 Output S_ideal
            1            1    1.449237567965832     
            1            2   0.4964257687822670     
            2            1   0.4964257687822670     
            2            2    1.449237567965832     
 Output S_inc
            1            1   0.4764058995917826     
            1            2  -0.4764058995917825     
            2            1  -0.4764058995917825     
            2            2   0.4764058995917826     
 Output S_rpa
            1            1    952.0070553571603     
            1            2   -952.0070553571603     
            2            1   -952.0070553571603     
            2            2    952.0070553571603     
 q =     1.560000000000000     
 Output S_block(i_chain,i,j,q)
            1            1    14.09748791860980     
            1            2    4.584007106220909     
            2            1    4.584007106220909     
            2            2    14.09748791860980     
 Output S_chain
            1            1    14.09748791860980     
            1            2    4.584007106220909     
            2            1    4.584007106220909     
            2            2    14.09748791860980     
 Output S_ideal
            1            1    1.409748791860980     
            1            2   0.4584007106220909     
            2            1   0.4584007106220909     
            2            2    1.409748791860980     
 Output S_inc
            1            1   0.4756740406194448     
            1            2  -0.4756740406194447     
            2            1  -0.4756740406194447     
            2            2   0.4756740406194448     
 Output S_rpa
            1            1    233.6473976526062     
            1            2   -233.6473976526062     
            2            1   -233.6473976526062     
            2            2    233.6473976526062     
 q =     1.620000000000000     
 Output S_block(i_chain,i,j,q)
            1            1    13.58207635249730     
            1            2    4.119275761016537     
            2            1    4.119275761016537     
            2            2    13.58207635249730     
 Output S_chain
            1            1    13.58207635249730     
            1            2    4.119275761016537     
            2            1    4.119275761016537     
            2            2    13.58207635249730     
 Output S_ideal
            1            1    1.358207635249730     
            1            2   0.4119275761016537     
            2            1   0.4119275761016537     
            2            2    1.358207635249730     
 Output S_inc
            1            1   0.4731400295740380     
            1            2  -0.4731400295740380     
            2            1  -0.4731400295740380     
            2            2   0.4731400295740380     
 Output S_rpa
            1            1    64.35337371057709     
            1            2   -64.35337371057709     
            2            1   -64.35337371057709     
            2            2    64.35337371057709     
 q =     1.700000000000000     
 Output S_block(i_chain,i,j,q)
            1            1    12.91621125598014     
            1            2    3.569627511110265     
            2            1    3.569627511110265     
            2            2    12.91621125598014     
 Output S_chain
            1            1    12.91621125598014     
            1            2    3.569627511110265     
            2            1    3.569627511110265     
            2            2    12.91621125598014     
 Output S_ideal
            1            1    1.291621125598014     
            1            2   0.3569627511110265     
            2            1   0.3569627511110265     
            2            2    1.291621125598014     
 Output S_inc
            1            1   0.4673291872434939     
            1            2  -0.4673291872434938     
            2            1  -0.4673291872434938     
            2            2   0.4673291872434939     
 Output S_rpa
            1            1    23.91242159895107     
            1            2   -23.91242159895107     
            2            1   -23.91242159895107     
            2            2    23.91242159895107     
 q =     2.000000000000000     
 Output S_block(i_chain,i,j,q)
            1            1    10.66053297006264     
            1            2    2.092330455990379     
            2            1    2.092330455990379     
            2            2    10.66053297006264     
 Output S_chain
            1            1    10.66053297006264     
            1            2    2.092330455990379     
            2            1    2.092330455990379     
            2            2    10.66053297006264     
 Output S_ideal
            1            1    1.066053297006264     
            1            2   0.2092330455990379     
            2            1   0.2092330455990379     
            2            2    1.066053297006264     
 Output S_inc
            1            1   0.4284101257036129     
            1            2  -0.4284101257036129     
            2            1  -0.4284101257036129     
            2            2   0.4284101257036129     
 Output S_rpa
            1            1    4.233487531254821     
            1            2   -4.233487531254821     
            2            1   -4.233487531254821     
            2            2    4.233487531254821     
 q =     8.000000000000000     
 Output S_block(i_chain,i,j,q)
            1            1   0.9199218750000002     
            1            2   8.7890625000000018E-003
            2            1   8.7890625000000018E-003
            2            2   0.9199218750000002     
 Output S_chain
            1            1   0.9199218750000002     
            1            2   8.7890625000000018E-003
            2            1   8.7890625000000018E-003
            2            2   0.9199218750000002     
 Output S_ideal
            1            1   9.1992187500000018E-002
            1            2   8.7890625000000018E-004
            2            1   8.7890625000000018E-004
            2            2   9.1992187500000018E-002
 Output S_inc
            1            1   4.5556640625000009E-002
            1            2  -4.5556640625000009E-002
            2            1  -4.5556640625000009E-002
            2            2   4.5556640625000009E-002
 Output S_rpa
            1            1   5.0370990714785417E-002
            1            2  -5.0370990714785426E-002
            2            1  -5.0370990714785426E-002
            2            2   5.0370990714785417E-002

N_monomer           
              2
names               
            'A'            'B'
kuhn                
  1.0000000E+00  1.0000000E+00
chi_flag            
            'B'
chi                 
  8.9900000E-01
N_chain             
              1
N_block             
              3
block_monomer  
              1              2              1
block_length   
  5.0000000E+00  1.0000000E+01  5.0000000E+00
N_solvent           
              1
solvent_monomer     
              1
solvent_size        
  2.0000000E-02
ensemble            
              0
phi_chain           
  1.0000000E+00
phi_solvent         
  0.0000000E+00

N_q                 
             11
 q =    0.1000000000000000     
 Output S_block(i_chain,i,j,q)
            1            1    24.93069999068943     
            1            2    49.37960442211978     
            1            3    24.38288890489953     
            2            1    49.37960442211978     
            2            2    99.44675156459247     
            2            3    49.37960442211978     
            3            1    24.38288890489953     
            3            2    49.37960442211978     
            3            3    24.93069999068943     
 Output S_chain
            1            1    98.62717779117793     
            1            2    98.75920884423955     
            2            1    98.75920884423955     
            2            2    99.44675156459247     
 Output S_ideal
            1            1    4.931358889558896     
            1            2    4.937960442211978     
            2            1    4.937960442211978     
            2            2    4.972337578229624     
 Output S_inc
            1            1   6.9226713035866592E-003
            1            2  -6.9226713035875473E-003
            2            1  -6.9226713035875473E-003
            2            2   6.9226713035875473E-003
 Output S_rpa
            1            1   7.0099235628330625E-003
            1            2  -7.0099235628339551E-003
            2            1  -7.0099235628339578E-003
            2            2   7.0099235628339631E-003
 q =     1.400000000000000     
 Output S_block(i_chain,i,j,q)
            1            1    15.52998347672047     
            1            2    7.253562310697357     
            1            3   0.2314127436366733     
            2            1    7.253562310697357     
            2            2    43.19700112228948     
            2            3    7.253562310697357     
            3            1   0.2314127436366733     
            3            2    7.253562310697357     
            3            3    15.52998347672047     
 Output S_chain
            1            1    31.52279244071429     
            1            2    14.50712462139471     
            2            1    14.50712462139471     
            2            2    43.19700112228948     
 Output S_ideal
            1            1    1.576139622035715     
            1            2   0.7253562310697356     
            2            1   0.7253562310697356     
            2            2    2.159850056114474     
 Output S_inc
            1            1   0.5548966397722737     
            1            2  -0.5548966397722737     
            2            1  -0.5548966397722737     
            2            2   0.5548966397722736     
 Output S_rpa
            1            1    241.6963862629279     
            1            2   -241.6963862629279     
            2            1   -241.6963862629279     
            2            2    241.6963862629278     
 q =     1.460000000000000     
 Output S_block(i_chain,i,j,q)
            1            1    14.98388333165851     
            1            2    6.393431520345836     
            1            3   0.1566463496062500     
            2            1    6.393431520345836     
            2            2    40.90364837017267     
            2            3    6.393431520345836     
            3            1   0.1566463496062500     
            3            2    6.393431520345836     
            3            3    14.98388333165851     
 Output S_chain
            1            1    30.28105936252953     
            1            2    12.78686304069167     
            2            1    12.78686304069167     
            2            2    40.90364837017267     
 Output S_ideal
            1            1    1.514052968126476     
            1            2   0.6393431520345835     
            2            1   0.6393431520345835     
            2            2    2.045182418508634     
 Output S_inc
            1            1   0.5555598078848394     
            1            2  -0.5555598078848392     
            2            1  -0.5555598078848392     
            2            2   0.5555598078848394     
 Output S_rpa
            1            1    503.4682521766605     
            1            2   -503.4682521766605     
            2            1   -503.4682521766605     
            2            2    503.4682521766605     
 q =     1.505000000000000     
 Output S_block(i_chain,i,j,q)
            1            1    14.58104053853016     
            1            2    5.817796495430627     
            1            3   0.1158870430413133     
            2            1    5.817796495430627     
            2            2    39.26727476338202     
            2            3    5.817796495430627     
            3            1   0.1158870430413133     
            3            2    5.817796495430627     
            3            3    14.58104053853016     
 Output S_chain
            1            1    29.39385516314295     
            1            2    11.63559299086125     
            2            1    11.63559299086125     
            2            2    39.26727476338202     
 Output S_ideal
            1            1    1.469692758157148     
            1            2   0.5817796495430628     
            2            1   0.5817796495430628     
            2            2    1.963363738169101     
 Output S_inc
            1            1   0.5541193826847826     
            1            2  -0.5541193826847822     
            2            1  -0.5541193826847822     
            2            2   0.5541193826847825     
 Output S_rpa
            1            1    150.0316495248812     
            1            2   -150.0316495248812     
            2            1   -150.0316495248812     
            2            2    150.0316495248812     
 q =     1.510000000000000     
 Output S_block(i_chain,i,j,q)
            1            1    14.53666788700030     
            1            2    5.757264561807975     
            1            3   0.1120197455662076     
            2            1    5.757264561807974     
            2            2    39.08983567843634     
            2            3    5.757264561807974     
            3            1   0.1120197455662076     
            3            2    5.757264561807975     
            3            3    14.53666788700030     
 Output S_chain
            1            1    29.29737526513301     
            1            2    11.51452912361595     
            2            1    11.51452912361595     
            2            2    39.08983567843634     
 Output S_ideal
            1            1    1.464868763256651     
            1            2   0.5757264561807975     
            2            1   0.5757264561807974     
            2            2    1.954491783921817     
 Output S_inc
            1            1   0.5538648716189526     
            1            2  -0.5538648716189524     
            2            1  -0.5538648716189525     
            2            2   0.5538648716189529     
 Output S_rpa
            1            1    133.4305223342562     
            1            2   -133.4305223342562     
            2            1   -133.4305223342562     
            2            2    133.4305223342562     
 q =     1.515000000000000     
 Output S_block(i_chain,i,j,q)
            1            1    14.49237567965832     
            1            2    5.697393931770402     
            1            3   0.1082717268098813     
            2            1    5.697393931770403     
            2            2    38.91326673496198     
            2            3    5.697393931770403     
            3            1   0.1082717268098813     
            3            2    5.697393931770402     
            3            3    14.49237567965832     
 Output S_chain
            1            1    29.20129481293640     
            1            2    11.39478786354080     
            2            1    11.39478786354081     
            2            2    38.91326673496198     
 Output S_ideal
            1            1    1.460064740646820     
            1            2   0.5697393931770403     
            2            1   0.5697393931770403     
            2            2    1.945663336748099     
 Output S_inc
            1            1   0.5535922862137853     
            1            2  -0.5535922862137851     
            2            1  -0.5535922862137851     
            2            2   0.5535922862137856     
 Output S_rpa
            1            1    119.2811914622937     
            1            2   -119.2811914622938     
            2            1   -119.2811914622938     
            2            2    119.2811914622938     
 q =     1.560000000000000     
 Output S_block(i_chain,i,j,q)
            1            1    14.09748791860980     
            1            2    5.187255359278367     
            1            3   7.9386538106150990E-002
            2            1    5.187255359278366     
            2            2    37.36299004966143     
            2            3    5.187255359278366     
            3            1   7.9386538106150990E-002
            3            2    5.187255359278367     
            3            3    14.09748791860980     
 Output S_chain
            1            1    28.35374891343191     
            1            2    10.37451071855673     
            2            1    10.37451071855673     
            2            2    37.36299004966143     
 Output S_ideal
            1            1    1.417687445671595     
            1            2   0.5187255359278367     
            2            1   0.5187255359278366     
            2            2    1.868149502483071     
 Output S_inc
            1            1   0.5503625721144008     
            1            2  -0.5503625721144009     
            2            1  -0.5503625721144010     
            2            2   0.5503625721144008     
 Output S_rpa
            1            1    52.67587577388697     
            1            2   -52.67587577388696     
            2            1   -52.67587577388697     
            2            2    52.67587577388696     
 q =     1.620000000000000     
 Output S_block(i_chain,i,j,q)
            1            1    13.58207635249730     
            1            2    4.581676835345077     
            1            3   5.1905909180361300E-002
            2            1    4.581676835345077     
            2            2    35.40270422702766     
            2            3    4.581676835345077     
            3            1   5.1905909180361300E-002
            3            2    4.581676835345077     
            3            3    13.58207635249730     
 Output S_chain
            1            1    27.26796452335531     
            1            2    9.163353670690153     
            2            1    9.163353670690153     
            2            2    35.40270422702766     
 Output S_ideal
            1            1    1.363398226167766     
            1            2   0.4581676835345077     
            2            1   0.4581676835345077     
            2            2    1.770135211351383     
 Output S_inc
            1            1   0.5440871512928619     
            1            2  -0.5440871512928620     
            2            1  -0.5440871512928620     
            2            2   0.5440871512928616     
 Output S_rpa
            1            1    25.03702502077013     
            1            2   -25.03702502077013     
            2            1   -25.03702502077013     
            2            2    25.03702502077012     
 q =     1.700000000000000     
 Output S_block(i_chain,i,j,q)
            1            1    12.91621125598014     
            1            2    3.890769448313061     
            1            3   2.8891570201476569E-002
            2            1    3.890769448313061     
            2            2    32.97167753418082     
            2            3    3.890769448313061     
            3            1   2.8891570201476569E-002
            3            2    3.890769448313061     
            3            3    12.91621125598014     
 Output S_chain
            1            1    25.89020565236324     
            1            2    7.781538896626122     
            2            1    7.781538896626122     
            2            2    32.97167753418082     
 Output S_ideal
            1            1    1.294510282618162     
            1            2   0.3890769448313061     
            2            1   0.3890769448313061     
            2            2    1.648583876709041     
 Output S_inc
            1            1   0.5328126169115068     
            1            2  -0.5328126169115068     
            2            1  -0.5328126169115068     
            2            2   0.5328126169115068     
 Output S_rpa
            1            1    12.68513434212662     
            1            2   -12.68513434212662     
            2            1   -12.68513434212662     
            2            2    12.68513434212662     
 q =     2.000000000000000     
 Output S_block(i_chain,i,j,q)
            1            1    10.66053297006264     
            1            2    2.166972238757634     
            1            3   2.6627704618660921E-003
            2            1    2.166972238757634     
            2            2    25.50572685210603     
            2            3    2.166972238757634     
            3            1   2.6627704618660921E-003
            3            2    2.166972238757634     
            3            3    10.66053297006264     
 Output S_chain
            1            1    21.32639148104900     
            1            2    4.333944477515267     
            2            1    4.333944477515267     
            2            2    25.50572685210603     
 Output S_ideal
            1            1    1.066319574052450     
            1            2   0.2166972238757634     
            2            1   0.2166972238757634     
            2            2    1.275286342605301     
 Output S_inc
            1            1   0.4731188938369061     
            1            2  -0.4731188938369063     
            2            1  -0.4731188938369063     
            2            2   0.4731188938369061     
 Output S_rpa
            1            1    3.168230310237699     
            1            2   -3.168230310237699     
            2            1   -3.168230310237699     
            2            2    3.168230310237699     
 q =     8.000000000000000     
 Output S_block(i_chain,i,j,q)
            1            1   0.9199218750000002     
            1            2   8.7890625000000018E-003
            1            3   4.1610009644264565E-049
            2            1   8.7890625000000018E-003
            2            2    1.857421875000000     
            2            3   8.7890625000000018E-003
            3            1   4.1610009644264565E-049
            3            2   8.7890625000000018E-003
            3            3   0.9199218750000002     
 Output S_chain
            1            1    1.839843750000000     
            1            2   1.7578125000000002E-002
            2            1   1.7578125000000002E-002
            2            2    1.857421875000000     
 Output S_ideal
            1            1   9.1992187500000018E-002
            1            2   8.7890625000000018E-004
            2            1   8.7890625000000018E-004
            2            2   9.2871093750000018E-002
 Output S_inc
            1            1   4.5775332368524326E-002
            1            2  -4.5775332368524344E-002
            2            1  -4.5775332368524344E-002
            2            2   4.5775332368524326E-002
 Output S_rpa
            1            1   4.9880717299385608E-002
            1            2  -4.9880717299385626E-002
            2            1  -4.9880717299385626E-002
            2            2   4.9880717299385608E-002
