 format  1  0
dim                 
                   1
crystal_system      
          'lamellar'
N_cell_param        
                   1
cell_param          
    1.1756356050E+01
group_name          
                '-1'
N_monomer           
                   3
N_star              
                 400
  3.500000000000E-01  6.500000000000E-01  0.000000000000E+00       0     1
  3.845923296219E-01 -3.845923296218E-01  0.000000000000E+00       1     2
  1.558778258458E-01 -1.558778258459E-01  0.000000000000E+00       2     2
 -1.647988340190E-02  1.647988340192E-02  0.000000000000E+00       3     2
 -6.324810773441E-02  6.324810773444E-02  0.000000000000E+00       4     2
 -3.043269219660E-02  3.043269219661E-02  0.000000000000E+00       5     2
  8.350832624010E-03 -8.350832624043E-03  0.000000000000E+00       6     2
  1.825569944026E-02 -1.825569944030E-02  0.000000000000E+00       7     2
  7.418455471526E-03 -7.418455471557E-03  0.000000000000E+00       8     2
 -3.630938183113E-03  3.630938183095E-03  0.000000000000E+00       9     2
 -5.563752675520E-03  5.563752675573E-03  0.000000000000E+00      10     2
 -1.773304291019E-03  1.773304291141E-03  0.000000000000E+00      11     2
  1.432526842044E-03 -1.432526842001E-03  0.000000000000E+00      12     2
  1.687599734073E-03 -1.687599734202E-03  0.000000000000E+00      13     2
  3.869434145513E-04 -3.869434147064E-04  0.000000000000E+00      14     2
 -5.329438953054E-04  5.329438953110E-04  0.000000000000E+00      15     2
 -5.072542554183E-04  5.072542555509E-04  0.000000000000E+00      16     2
 -6.884335067226E-05  6.884335075508E-05  0.000000000000E+00      17     2
  1.919868874031E-04 -1.919868874343E-04  0.000000000000E+00      18     2
  1.515738988258E-04 -1.515738988887E-04  0.000000000000E+00      19     2
  4.965986747250E-06 -4.965986768416E-06  0.000000000000E+00      20     2
 -6.800446945247E-05  6.800446946721E-05  0.000000000000E+00      21     2
 -4.499517427724E-05  4.499517429487E-05  0.000000000000E+00      22     2
  3.898747955655E-06 -3.898747951936E-06  0.000000000000E+00      23     2
  2.383472084699E-05 -2.383472085084E-05  0.000000000000E+00      24     2
  1.318191714599E-05 -1.318191714998E-05  0.000000000000E+00      25     2
 -3.072418304099E-06  3.072418302514E-06  0.000000000000E+00      26     2
 -8.272146677207E-06  8.272146678223E-06  0.000000000000E+00      27     2
 -3.765462420308E-06  3.765462421299E-06  0.000000000000E+00      28     2
  1.601078993618E-06 -1.601078992633E-06  0.000000000000E+00      29     2
  2.838016265334E-06 -2.838016264898E-06  0.000000000000E+00      30     2
  1.029305768392E-06 -1.029305768938E-06  0.000000000000E+00      31     2
 -7.220667501469E-07  7.220667495221E-07  0.000000000000E+00      32     2
 -9.602004169836E-07  9.602004179512E-07  0.000000000000E+00      33     2
 -2.606185112739E-07  2.606185114676E-07  0.000000000000E+00      34     2
  3.016420979241E-07 -3.016420977996E-07  0.000000000000E+00      35     2
  3.195917900793E-07 -3.195917901283E-07  0.000000000000E+00      36     2
  5.674796066312E-08 -5.674795920698E-08  0.000000000000E+00      37     2
 -1.199252919316E-07  1.199252914361E-07  0.000000000000E+00      38     2
 -1.043663462669E-07  1.043663451419E-07  0.000000000000E+00      39     2
 -8.011830931310E-09  8.011830467859E-09  0.000000000000E+00      40     2
  4.598146451791E-08 -4.598146346766E-08  0.000000000000E+00      41     2
  3.332668988880E-08 -3.332669039327E-08  0.000000000000E+00      42     2
 -1.223334096348E-09  1.223334769960E-09  0.000000000000E+00      43     2
 -1.712469002814E-08  1.712468998137E-08  0.000000000000E+00      44     2
 -1.035638174820E-08  1.035638230543E-08  0.000000000000E+00      45     2
  1.775927860847E-09 -1.775928367112E-09  0.000000000000E+00      46     2
  6.219659495262E-09 -6.219660225982E-09  0.000000000000E+00      47     2
  3.108966807427E-09 -3.108966199099E-09  0.000000000000E+00      48     2
 -1.063836063158E-09  1.063835743514E-09  0.000000000000E+00      49     2
 -2.207621353781E-09  2.207620894158E-09  0.000000000000E+00      50     2
 -8.907282130185E-10  8.907283960235E-10  0.000000000000E+00      51     2
  5.139425535960E-10 -5.139429289262E-10  0.000000000000E+00      52     2
  7.663821841038E-10 -7.663809089853E-10  0.000000000000E+00      53     2
  2.381887196387E-10 -2.381892336495E-10  0.000000000000E+00      54     2
 -2.238132071492E-10  2.238134469961E-10  0.000000000000E+00      55     2
 -2.601568854352E-10  2.601577291925E-10  0.000000000000E+00      56     2
 -5.663567607005E-11  5.663457978511E-11  0.000000000000E+00      57     2
  9.140766373286E-11 -9.140747153832E-11  0.000000000000E+00      58     2
  8.625574258812E-11 -8.625462320204E-11  0.000000000000E+00      59     2
  1.035110101496E-11 -1.035048765109E-11  0.000000000000E+00      60     2
 -3.565751552351E-11  3.565721094062E-11  0.000000000000E+00      61     2
 -2.786899964154E-11  2.786853531317E-11  0.000000000000E+00      62     2
 -3.529355355010E-13  3.526911459455E-13  0.000000000000E+00      63     2
  1.341419856688E-11 -1.341464088691E-11  0.000000000000E+00      64     2
  8.742112466898E-12 -8.742301595234E-12  0.000000000000E+00      65     2
 -9.744027934040E-13  9.744013794733E-13  0.000000000000E+00      66     2
 -4.892782328863E-12  4.892987114304E-12  0.000000000000E+00      67     2
 -2.646926560701E-12  2.647673235831E-12  0.000000000000E+00      68     2
  6.979188601059E-13 -6.991286888687E-13  0.000000000000E+00      69     2
  1.734937079545E-12 -1.734657960846E-12  0.000000000000E+00      70     2
  7.657057955443E-13 -7.661578769374E-13  0.000000000000E+00      71     2
 -3.565384393464E-13  3.559152255207E-13  0.000000000000E+00      72     2
 -5.994135315832E-13  5.990005551691E-13  0.000000000000E+00      73     2
 -2.084916184479E-13  2.083808368951E-13  0.000000000000E+00      74     2
  1.580755962200E-13 -1.574921500573E-13  0.000000000000E+00      75     2
  2.015300114335E-13 -2.015146729821E-13  0.000000000000E+00      76     2
  5.166059569658E-14 -5.185149461896E-14  0.000000000000E+00      77     2
 -6.441210511470E-14  6.495055327746E-14  0.000000000000E+00      78     2
 -6.559716218749E-14  6.541864000381E-14  0.000000000000E+00      79     2
 -1.039071377812E-14  1.065636971997E-14  0.000000000000E+00      80     2
  2.502677035688E-14 -2.422706985322E-14  0.000000000000E+00      81     2
  2.075929876437E-14 -2.126504170899E-14  0.000000000000E+00      82     2
  1.026731460220E-15 -1.744950276191E-15  0.000000000000E+00      83     2
 -9.367706599336E-15  9.467568713824E-15  0.000000000000E+00      84     2
 -6.449349899544E-15  6.949538229693E-15  0.000000000000E+00      85     2
  3.450988674271E-16 -1.134421430999E-15  0.000000000000E+00      86     2
  3.207993139582E-15 -2.754812822206E-15  0.000000000000E+00      87     2
  1.682807899384E-15 -1.897212453317E-15  0.000000000000E+00      88     2
 -7.468570524841E-16 -5.893622956840E-17  0.000000000000E+00      89     2
 -1.637361389556E-15  1.792847464814E-15  0.000000000000E+00      90     2
 -1.059133953661E-15 -2.374379937217E-17  0.000000000000E+00      91     2
 -1.879855869288E-16 -3.511620929774E-16  0.000000000000E+00      92     2
  1.971606580946E-16  1.130677119840E-16  0.000000000000E+00      93     2
  1.000398273211E-16 -2.874255120012E-16  0.000000000000E+00      94     2
 -1.187070869707E-16  4.539854643335E-17  0.000000000000E+00      95     2
 -1.996787722957E-16  2.841704058787E-16  0.000000000000E+00      96     2
 -1.256330299448E-16 -3.478178245954E-16  0.000000000000E+00      97     2
  8.446546900541E-19  5.680487495859E-17  0.000000000000E+00      98     2
  7.171497803882E-17  4.833988152117E-16  0.000000000000E+00      99     2
  7.497478574940E-17 -7.445085612659E-16  0.000000000000E+00     100     2
  5.649351468718E-17  7.220745019938E-16  0.000000000000E+00     101     2
  4.413044897049E-17 -6.613841003201E-16  0.000000000000E+00     102     2
  4.119742561872E-17  3.080342336759E-16  0.000000000000E+00     103     2
  5.370384179628E-17  3.097870624704E-16  0.000000000000E+00     104     2
  1.278013256037E-16 -4.050921147428E-16  0.000000000000E+00     105     2
  3.054947044607E-16 -6.718578952373E-17  0.000000000000E+00     106     2
  5.174584865161E-16 -7.639552890464E-18  0.000000000000E+00     107     2
  6.060841353389E-16  6.051146127064E-16  0.000000000000E+00     108     2
  5.134884871356E-16 -4.439876092579E-16  0.000000000000E+00     109     2
  3.268553863780E-16 -3.170443114837E-16  0.000000000000E+00     110     2
  1.485495447160E-16  6.862284730953E-16  0.000000000000E+00     111     2
  1.168510151401E-17 -4.784141723458E-16  0.000000000000E+00     112     2
 -7.848614041577E-17  2.785867363150E-16  0.000000000000E+00     113     2
 -1.487142292324E-16 -3.801300643364E-16  0.000000000000E+00     114     2
 -2.436337992582E-16  7.064222436411E-17  0.000000000000E+00     115     2
 -3.559261929823E-16  9.425751326247E-16  0.000000000000E+00     116     2
 -3.622874896214E-16 -1.175110701303E-15  0.000000000000E+00     117     2
 -1.690852268602E-16 -6.489189429766E-17  0.000000000000E+00     118     2
  8.600451946871E-17  7.061501272375E-16  0.000000000000E+00     119     2
  1.598781741011E-16  3.067047397096E-17  0.000000000000E+00     120     2
  5.113965323136E-17 -1.602295458465E-16  0.000000000000E+00     121     2
 -7.367757921956E-17 -5.353660678825E-16  0.000000000000E+00     122     2
 -8.730206182627E-17  7.143910516229E-16  0.000000000000E+00     123     2
 -2.578341304531E-17 -3.628356564105E-16  0.000000000000E+00     124     2
 -1.213621409214E-18  4.186487121748E-17  0.000000000000E+00     125     2
 -9.733086102746E-17  1.310978944558E-16  0.000000000000E+00     126     2
 -3.194890293374E-16 -1.305350531947E-16  0.000000000000E+00     127     2
 -5.579454446064E-16  1.824401087728E-16  0.000000000000E+00     128     2
 -6.636053368202E-16 -2.679289198012E-16  0.000000000000E+00     129     2
 -5.377700126529E-16  1.772833212176E-16  0.000000000000E+00     130     2
 -2.199322302217E-16 -2.568546889090E-16  0.000000000000E+00     131     2
  1.281527213369E-16  2.009188161502E-16  0.000000000000E+00     132     2
  3.162773889169E-16  5.837137933797E-17  0.000000000000E+00     133     2
  2.633294233543E-16 -1.091284648275E-16  0.000000000000E+00     134     2
  9.138659045298E-17  4.047890782013E-16  0.000000000000E+00     135     2
 -8.311640108059E-17 -7.482126450618E-16  0.000000000000E+00     136     2
 -1.200728023553E-16  5.000163863566E-16  0.000000000000E+00     137     2
 -6.005060189264E-17 -8.629342725830E-17  0.000000000000E+00     138     2
  1.873404139041E-17 -1.715900578757E-16  0.000000000000E+00     139     2
  7.157289892576E-17  5.475439725873E-16  0.000000000000E+00     140     2
  1.152265205099E-16 -6.338024257873E-16  0.000000000000E+00     141     2
  1.500930478951E-16 -1.943364189362E-16  0.000000000000E+00     142     2
  1.272422204261E-16  1.087852788828E-15  0.000000000000E+00     143     2
  4.067192720071E-17 -5.961780092061E-16  0.000000000000E+00     144     2
 -1.147536810777E-17 -7.417561082811E-16  0.000000000000E+00     145     2
 -8.698075865559E-18  1.079310501042E-15  0.000000000000E+00     146     2
 -2.117340698982E-17 -2.480281439485E-16  0.000000000000E+00     147     2
 -3.928668583296E-17 -3.120372521176E-16  0.000000000000E+00     148     2
  5.677503426694E-18  1.653837817108E-16  0.000000000000E+00     149     2
  1.177720226610E-16 -1.270627205100E-16  0.000000000000E+00     150     2
  2.311893672825E-16  1.706455783961E-16  0.000000000000E+00     151     2
  2.719402379850E-16  1.831164927861E-16  0.000000000000E+00     152     2
  2.661586279653E-16 -4.003887755674E-16  0.000000000000E+00     153     2
  2.680429093243E-16 -7.143995912420E-17  0.000000000000E+00     154     2
  3.256394741440E-16  7.492322180183E-16  0.000000000000E+00     155     2
  3.836065289015E-16 -8.137526388828E-16  0.000000000000E+00     156     2
  4.329583073171E-16  1.326920086712E-16  0.000000000000E+00     157     2
  4.253034982531E-16  5.216554934411E-16  0.000000000000E+00     158     2
  3.474315987302E-16 -3.438845233886E-16  0.000000000000E+00     159     2
  2.787576126550E-16  8.299431571069E-17  0.000000000000E+00     160     2
  2.511111773447E-16 -4.847364649941E-16  0.000000000000E+00     161     2
  1.860847210777E-16  3.556001297536E-16  0.000000000000E+00     162     2
  1.210379472336E-17  8.897460740625E-16  0.000000000000E+00     163     2
 -1.664282329047E-16 -1.233452950584E-15  0.000000000000E+00     164     2
 -1.938472438842E-16  8.334421221291E-17  0.000000000000E+00     165     2
 -1.320599809030E-16  2.663499538147E-16  0.000000000000E+00     166     2
 -1.743144362629E-16  3.084243215599E-16  0.000000000000E+00     167     2
 -3.426795645355E-16  2.232239175780E-16  0.000000000000E+00     168     2
 -4.334511105078E-16 -9.766783535880E-16  0.000000000000E+00     169     2
 -2.789385038573E-16  1.971201248882E-16  0.000000000000E+00     170     2
 -2.124177491691E-17  6.066200024378E-16  0.000000000000E+00     171     2
  1.104086400944E-16 -8.914911428379E-17  0.000000000000E+00     172     2
  7.028689464913E-17 -5.730884741947E-16  0.000000000000E+00     173     2
 -6.167243388882E-17  6.954482813109E-16  0.000000000000E+00     174     2
 -1.903035178245E-16 -5.740922212700E-16  0.000000000000E+00     175     2
 -2.639083573597E-16  3.971359152928E-16  0.000000000000E+00     176     2
 -2.869227239327E-16 -5.584053966498E-17  0.000000000000E+00     177     2
 -2.910411981452E-16 -4.523590117077E-16  0.000000000000E+00     178     2
 -3.121830208379E-16  3.951702556811E-16  0.000000000000E+00     179     2
 -3.537626228991E-16  2.188582051992E-16  0.000000000000E+00     180     2
 -3.232901013781E-16  5.160872059864E-17  0.000000000000E+00     181     2
 -1.348256001335E-16 -1.031474355104E-15  0.000000000000E+00     182     2
  9.781219810036E-17  4.040594205175E-16  0.000000000000E+00     183     2
  1.218180750261E-16  1.077610739025E-15  0.000000000000E+00     184     2
 -6.772992638018E-17 -5.718509910267E-16  0.000000000000E+00     185     2
 -1.531796584562E-16 -6.713660515544E-16  0.000000000000E+00     186     2
  6.710931675445E-17  3.590982776950E-16  0.000000000000E+00     187     2
  4.413764527876E-16  7.501143894622E-17  0.000000000000E+00     188     2
  6.538726896923E-16  9.772010934212E-17  0.000000000000E+00     189     2
  5.184419939743E-16  2.048391610036E-16  0.000000000000E+00     190     2
  1.293589545362E-16 -2.412063885259E-16  0.000000000000E+00     191     2
 -2.505431787294E-16 -3.221598432033E-16  0.000000000000E+00     192     2
 -4.476107705672E-16  6.142697381044E-16  0.000000000000E+00     193     2
 -4.398093187313E-16 -3.457988943116E-16  0.000000000000E+00     194     2
 -3.096687971408E-16 -3.256591065725E-16  0.000000000000E+00     195     2
 -2.035352499132E-16  6.145638572206E-16  0.000000000000E+00     196     2
 -2.445218836687E-16 -3.783137760968E-16  0.000000000000E+00     197     2
 -3.982079103567E-16  4.242858443120E-16  0.000000000000E+00     198     2
 -5.067085932379E-16 -5.185042420409E-16  0.000000000000E+00     199     2
 -4.312514269509E-16  2.029170510507E-16  0.000000000000E+00     200     2
 -1.884871456279E-16 -1.668008427549E-16  0.000000000000E+00     201     2
  7.893851234785E-17  3.187801449969E-16  0.000000000000E+00     202     2
  2.243221701717E-16 -4.010514116335E-16  0.000000000000E+00     203     2
  2.095572166294E-16  8.397343821842E-16  0.000000000000E+00     204     2
  8.439715205217E-17 -1.101731193172E-15  0.000000000000E+00     205     2
 -7.255855328263E-17  4.521805102794E-16  0.000000000000E+00     206     2
 -2.179447777897E-16  4.532594048038E-16  0.000000000000E+00     207     2
 -3.060325805290E-16 -5.070558990692E-16  0.000000000000E+00     208     2
 -2.328933811192E-16  9.568333821075E-17  0.000000000000E+00     209     2
 -2.309730702435E-17 -2.754794483614E-16  0.000000000000E+00     210     2
  1.759815330381E-16  1.941716174798E-16  0.000000000000E+00     211     2
  2.341401805081E-16  6.793884465459E-16  0.000000000000E+00     212     2
  2.007654388331E-16 -7.640828316168E-16  0.000000000000E+00     213     2
  2.182177277657E-16 -1.240789451941E-16  0.000000000000E+00     214     2
  2.826077215396E-16  2.874508879832E-16  0.000000000000E+00     215     2
  2.639099015675E-16  2.126578659886E-16  0.000000000000E+00     216     2
  1.175986875823E-16 -2.286134727228E-16  0.000000000000E+00     217     2
 -2.440318510566E-17  5.082213172068E-16  0.000000000000E+00     218     2
 -1.898913852495E-17 -1.296290583723E-15  0.000000000000E+00     219     2
  1.104092157991E-16  1.016153270858E-15  0.000000000000E+00     220     2
  1.611689999043E-16  8.369191384112E-17  0.000000000000E+00     221     2
  7.707649156911E-17 -2.165402743035E-16  0.000000000000E+00     222     2
 -1.444395021780E-17 -1.437099884204E-16  0.000000000000E+00     223     2
 -1.408348713625E-17 -2.379792400610E-16  0.000000000000E+00     224     2
  6.374461085691E-17  7.862911426983E-16  0.000000000000E+00     225     2
  1.213392206796E-16 -7.346708360433E-16  0.000000000000E+00     226     2
  1.087877106353E-16  4.367605277686E-16  0.000000000000E+00     227     2
  3.211985843315E-17 -3.367667418282E-16  0.000000000000E+00     228     2
 -7.967700499929E-17  2.736245234424E-16  0.000000000000E+00     229     2
 -1.606496693221E-16  1.438463074883E-16  0.000000000000E+00     230     2
 -1.380849520779E-16 -5.120734590485E-16  0.000000000000E+00     231     2
 -3.760577814276E-18  1.894566142881E-16  0.000000000000E+00     232     2
  1.422689996512E-16 -2.515810183151E-17  0.000000000000E+00     233     2
  1.929624337940E-16  7.080475538529E-16  0.000000000000E+00     234     2
  1.514448204324E-16 -1.057380453211E-15  0.000000000000E+00     235     2
  5.629249780934E-17  2.626056666432E-16  0.000000000000E+00     236     2
 -1.212006077883E-16  4.778903290787E-16  0.000000000000E+00     237     2
 -2.662321262605E-16  2.816911397483E-16  0.000000000000E+00     238     2
 -3.179129418742E-16 -1.220308890520E-15  0.000000000000E+00     239     2
 -1.479548507955E-16  5.719256407312E-16  0.000000000000E+00     240     2
  9.477057046286E-17  4.467725565730E-16  0.000000000000E+00     241     2
  2.958273278488E-16 -2.458327751781E-16  0.000000000000E+00     242     2
  4.624647064613E-16 -5.759013611767E-17  0.000000000000E+00     243     2
  5.915969233145E-16 -6.252988661345E-16  0.000000000000E+00     244     2
  5.602028185680E-16  6.392372577051E-16  0.000000000000E+00     245     2
  2.719591402881E-16  9.269331125197E-16  0.000000000000E+00     246     2
 -8.754222062421E-17 -1.353976559675E-15  0.000000000000E+00     247     2
 -2.062231310235E-16  7.291803286872E-18  0.000000000000E+00     248     2
 -3.812044611682E-17  6.259746414601E-16  0.000000000000E+00     249     2
  1.770515641095E-16 -7.741295016502E-16  0.000000000000E+00     250     2
  1.889035720002E-16  1.496370166402E-15  0.000000000000E+00     251     2
 -3.103977651784E-17 -1.345365304270E-15  0.000000000000E+00     252     2
 -3.349335542579E-16 -1.750486636024E-16  0.000000000000E+00     253     2
 -6.117167158112E-16  1.367864298230E-15  0.000000000000E+00     254     2
 -7.903358037771E-16 -9.224492772383E-16  0.000000000000E+00     255     2
 -7.691498722124E-16 -3.857111852076E-16  0.000000000000E+00     256     2
 -5.483203103241E-16  5.550478031036E-16  0.000000000000E+00     257     2
 -3.180825468664E-16  2.886176344394E-16  0.000000000000E+00     258     2
 -1.560577979635E-16 -5.770676908467E-16  0.000000000000E+00     259     2
 -5.016709615554E-17  2.055164895324E-16  0.000000000000E+00     260     2
  1.534664913102E-17 -4.879440934727E-17  0.000000000000E+00     261     2
  2.049030042518E-17 -8.125237732939E-17  0.000000000000E+00     262     2
 -2.805499521804E-17  6.559964222123E-16  0.000000000000E+00     263     2
 -6.121334840081E-17 -7.958508595399E-16  0.000000000000E+00     264     2
 -2.595648425935E-17  4.984247068921E-18  0.000000000000E+00     265     2
  1.635693884990E-17  2.961338426060E-16  0.000000000000E+00     266     2
 -1.828557945250E-18  5.922626477962E-16  0.000000000000E+00     267     2
 -5.420931048959E-18 -1.182075096551E-15  0.000000000000E+00     268     2
  1.323530385637E-16  7.891305420793E-16  0.000000000000E+00     269     2
  3.557549688207E-16 -6.235864026325E-16  0.000000000000E+00     270     2
  4.934487475715E-16  7.389998352560E-16  0.000000000000E+00     271     2
  4.451870419459E-16 -9.829351118555E-17  0.000000000000E+00     272     2
  2.488157169216E-16 -6.748939697236E-16  0.000000000000E+00     273     2
  2.572133289258E-17  5.699470397584E-16  0.000000000000E+00     274     2
 -1.521208416318E-16  2.478551896744E-16  0.000000000000E+00     275     2
 -2.145692534421E-16 -9.103459982504E-16  0.000000000000E+00     276     2
 -1.282815352550E-16  8.865107457939E-16  0.000000000000E+00     277     2
  4.322194503525E-17 -5.336456464630E-16  0.000000000000E+00     278     2
  2.204850506235E-16  2.104296730571E-16  0.000000000000E+00     279     2
  3.256425895458E-16 -6.215585789111E-17  0.000000000000E+00     280     2
  3.132902253392E-16 -8.809517895522E-17  0.000000000000E+00     281     2
  2.001936081837E-16  5.211840992675E-16  0.000000000000E+00     282     2
  6.489178635304E-17 -6.116214127019E-16  0.000000000000E+00     283     2
 -1.907760514136E-17 -5.673250408503E-17  0.000000000000E+00     284     2
 -7.252530633840E-17  8.631622036538E-16  0.000000000000E+00     285     2
 -1.377279612151E-16 -1.130748243353E-15  0.000000000000E+00     286     2
 -2.135507359441E-16  5.940815387007E-16  0.000000000000E+00     287     2
 -2.698181906006E-16  4.285127159165E-16  0.000000000000E+00     288     2
 -2.307946257859E-16 -8.644773529789E-16  0.000000000000E+00     289     2
 -1.039085506564E-16  4.459066727735E-16  0.000000000000E+00     290     2
  2.403298302025E-17 -4.698563705193E-16  0.000000000000E+00     291     2
 -3.318248930088E-17  1.061105586209E-15  0.000000000000E+00     292     2
 -2.344736184536E-16 -6.303052598421E-16  0.000000000000E+00     293     2
 -3.662668801842E-16 -2.998505679167E-16  0.000000000000E+00     294     2
 -3.105432445472E-16  9.173754241375E-17  0.000000000000E+00     295     2
 -1.646116658081E-16  4.195870508047E-16  0.000000000000E+00     296     2
 -7.319996623620E-17 -1.735639812482E-16  0.000000000000E+00     297     2
 -5.107348917368E-17 -3.466453300880E-17  0.000000000000E+00     298     2
 -2.712564447727E-17 -1.689893480463E-16  0.000000000000E+00     299     2
  2.288437425938E-17 -7.243162839541E-17  0.000000000000E+00     300     2
  4.206736333852E-17  6.693321349586E-16  0.000000000000E+00     301     2
 -2.685220875047E-17 -6.288674374486E-16  0.000000000000E+00     302     2
 -1.712267282647E-16 -1.414998102472E-17  0.000000000000E+00     303     2
 -3.541144024354E-16  5.190558990395E-16  0.000000000000E+00     304     2
 -4.941637727619E-16 -4.902958050389E-16  0.000000000000E+00     305     2
 -4.567648465036E-16  1.283806044323E-16  0.000000000000E+00     306     2
 -2.204607271015E-16  1.729159656818E-16  0.000000000000E+00     307     2
  1.298306125745E-16 -5.376035680394E-16  0.000000000000E+00     308     2
  3.921692002299E-16  6.478515385577E-16  0.000000000000E+00     309     2
  3.711642798061E-16 -4.957246040515E-16  0.000000000000E+00     310     2
  8.662719203614E-17  7.184916999801E-16  0.000000000000E+00     311     2
 -2.324019752117E-16 -5.439433417198E-16  0.000000000000E+00     312     2
 -3.299138773646E-16 -1.117397772178E-16  0.000000000000E+00     313     2
 -1.742313338946E-16 -1.197787641976E-16  0.000000000000E+00     314     2
  3.509740894237E-17  6.435335916752E-16  0.000000000000E+00     315     2
  1.115227485540E-16 -3.487665379031E-16  0.000000000000E+00     316     2
  6.757229124739E-17  1.591311253390E-17  0.000000000000E+00     317     2
  1.374120672695E-17 -8.445539417382E-17  0.000000000000E+00     318     2
 -1.695565370769E-17 -1.788248064318E-16  0.000000000000E+00     319     2
 -8.643672974377E-17  6.555344611994E-16  0.000000000000E+00     320     2
 -2.441413788686E-16 -5.794557617605E-16  0.000000000000E+00     321     2
 -4.036702921413E-16  2.695844545078E-16  0.000000000000E+00     322     2
 -4.775370383178E-16 -1.323429877198E-16  0.000000000000E+00     323     2
 -4.212983688943E-16 -6.263436441608E-17  0.000000000000E+00     324     2
 -3.039221671762E-16 -4.470154799527E-18  0.000000000000E+00     325     2
 -2.337742812153E-16  1.114522247329E-16  0.000000000000E+00     326     2
 -2.387026969258E-16  2.021001621168E-16  0.000000000000E+00     327     2
 -2.487402036601E-16 -1.792125435217E-16  0.000000000000E+00     328     2
 -1.816660168838E-16 -5.575758662010E-16  0.000000000000E+00     329     2
 -8.899498135436E-17  6.420191945646E-16  0.000000000000E+00     330     2
 -9.309545580083E-17  1.732381683910E-16  0.000000000000E+00     331     2
 -1.859703567468E-16 -4.798866569576E-16  0.000000000000E+00     332     2
 -2.508809854337E-16  1.941681752457E-16  0.000000000000E+00     333     2
 -2.373792838400E-16 -2.501118559990E-16  0.000000000000E+00     334     2
 -2.160802383031E-16  3.922867879072E-16  0.000000000000E+00     335     2
 -2.701384742943E-16 -2.822614711669E-16  0.000000000000E+00     336     2
 -3.735695019212E-16  3.493807668021E-16  0.000000000000E+00     337     2
 -3.940779010617E-16 -2.422737929448E-16  0.000000000000E+00     338     2
 -2.387071106616E-16 -5.420835098182E-16  0.000000000000E+00     339     2
 -2.824637354048E-17  8.941169318016E-16  0.000000000000E+00     340     2
  5.389823807051E-17 -3.812085990455E-16  0.000000000000E+00     341     2
 -1.915350220598E-17  7.634803327002E-17  0.000000000000E+00     342     2
 -1.270661987257E-16  1.325336179261E-16  0.000000000000E+00     343     2
 -9.444204699621E-17 -4.605679515013E-16  0.000000000000E+00     344     2
  8.852413889771E-17  1.290019816642E-16  0.000000000000E+00     345     2
  2.634639703313E-16  3.826174922797E-16  0.000000000000E+00     346     2
  2.928796959913E-16 -8.433732674270E-17  0.000000000000E+00     347     2
  2.071831725199E-16 -2.491961977340E-16  0.000000000000E+00     348     2
  1.132342585452E-16 -1.405387852554E-16  0.000000000000E+00     349     2
  5.237106151586E-17  5.717894625909E-16  0.000000000000E+00     350     2
  8.537244372513E-18 -4.315163590401E-16  0.000000000000E+00     351     2
 -2.511122987694E-17  1.112258048869E-16  0.000000000000E+00     352     2
 -5.670422259350E-17  3.547338606518E-17  0.000000000000E+00     353     2
 -8.823014571694E-17 -9.558191823944E-17  0.000000000000E+00     354     2
 -1.049419405249E-16 -8.506093952755E-17  0.000000000000E+00     355     2
 -8.937315934812E-17  6.484645200967E-16  0.000000000000E+00     356     2
 -3.951943843030E-17 -1.146832855907E-15  0.000000000000E+00     357     2
 -1.121626202983E-17  7.039440269724E-16  0.000000000000E+00     358     2
 -3.704237317091E-17  4.513413247836E-16  0.000000000000E+00     359     2
 -9.549716971564E-17 -7.546676856100E-16  0.000000000000E+00     360     2
 -9.209931282464E-17 -1.388148676294E-16  0.000000000000E+00     361     2
 -4.675465474643E-17  7.181599501686E-16  0.000000000000E+00     362     2
 -5.909550785825E-17 -3.659960351284E-16  0.000000000000E+00     363     2
 -1.547362918994E-16 -1.180745794486E-16  0.000000000000E+00     364     2
 -2.703921201733E-16  3.310635895594E-16  0.000000000000E+00     365     2
 -3.114079769373E-16 -2.324857462369E-16  0.000000000000E+00     366     2
 -2.232169371589E-16  6.269416573785E-17  0.000000000000E+00     367     2
 -6.920073185333E-17 -4.719936980650E-16  0.000000000000E+00     368     2
 -1.033893610020E-17  6.391000121124E-16  0.000000000000E+00     369     2
 -1.283785894660E-16  3.531432846212E-16  0.000000000000E+00     370     2
 -2.815201074883E-16 -1.020748305594E-15  0.000000000000E+00     371     2
 -2.684731526084E-16  4.115388315611E-16  0.000000000000E+00     372     2
 -8.267425990011E-17  2.141943737563E-16  0.000000000000E+00     373     2
  1.446108702657E-16 -3.793509920025E-16  0.000000000000E+00     374     2
  2.146357473305E-16  3.687772163755E-16  0.000000000000E+00     375     2
  1.549065805409E-16 -1.693197305593E-16  0.000000000000E+00     376     2
  4.720514364451E-18  4.422628940411E-16  0.000000000000E+00     377     2
 -3.442071009056E-17 -6.684599903710E-16  0.000000000000E+00     378     2
  1.037455782617E-16 -5.946616570985E-17  0.000000000000E+00     379     2
  2.660039313250E-16  5.813272816661E-16  0.000000000000E+00     380     2
  2.562847652813E-16 -9.463385259946E-17  0.000000000000E+00     381     2
  6.366474382889E-17 -4.920396624357E-17  0.000000000000E+00     382     2
 -1.564760593944E-16 -4.337163064616E-16  0.000000000000E+00     383     2
 -2.667789017633E-16  4.683677661771E-16  0.000000000000E+00     384     2
 -2.181794014272E-16 -6.085272640079E-17  0.000000000000E+00     385     2
 -1.392677552969E-17  8.955119601487E-17  0.000000000000E+00     386     2
  2.702844154261E-16 -6.256768822113E-16  0.000000000000E+00     387     2
  4.312187916929E-16  4.010328451581E-16  0.000000000000E+00     388     2
  2.651814652522E-16  3.812172346154E-16  0.000000000000E+00     389     2
 -1.733024554116E-16 -5.220413115155E-17  0.000000000000E+00     390     2
 -5.345770886308E-16 -3.811671483098E-16  0.000000000000E+00     391     2
 -5.036809384323E-16 -1.043913749663E-16  0.000000000000E+00     392     2
 -8.931558888191E-17  1.432942337036E-16  0.000000000000E+00     393     2
  3.913784698766E-16  7.201748685105E-17  0.000000000000E+00     394     2
  6.203292575560E-16  6.359291267845E-17  0.000000000000E+00     395     2
  5.185032225639E-16  4.269502534636E-17  0.000000000000E+00     396     2
  2.498126934701E-16  3.100418237773E-16  0.000000000000E+00     397     2
  4.486185775597E-17 -1.089414807508E-15  0.000000000000E+00     398     2
 -1.995968663137E-17  6.880029627778E-16  0.000000000000E+00     399     2
